Grid2 -60.000000 -60.000000 60.000000 60.000000 2 2
RobotInitCfg -46.640164 37.948752 -2.098649
Rooms 4
2 0 2 -32.474370 -36.208292 -11.277222 -14.692309
2 0 3 17.233249 -22.725082 33.734362 -5.262770
2 1 2 -25.184960 33.515233 -8.594794 51.105706
2 1 3 21.470264 25.167242 38.641714 42.830430
Doors 4
1 0 -0.500000 -44.702800 0.500000 -25.297200
3 2 -0.500000 26.952432 0.500000 47.047568
2 0 -34.148221 -0.500000 -25.851779 0.500000
3 1 18.635482 -0.500000 41.364518 0.500000
Objects 2

0 25.632539 38.381635 0.000000
4
-2 -2 
 2 -2
 2  2
-2  2

0 

2 -26.551326 -23.289492 0.000000
4
-4 -4
 4 -4
 4  4
-4  4
0 

Obstacles 8


4
-0.500000 -59.700000 0.500000 -59.700000 0.500000 -44.702800 -0.500000 -44.702800 
0 

4
-0.500000 -25.297200 0.500000 -25.297200 0.500000 -0.300000 -0.500000 -0.300000 
0 

4
-0.500000 0.300000 0.500000 0.300000 0.500000 26.952432 -0.500000 26.952432 
0 

4
-0.500000 47.047568 0.500000 47.047568 0.500000 59.700000 -0.500000 59.700000 
0 

4
-59.700000 -0.500000 -34.148221 -0.500000 -34.148221 0.500000 -59.700000 0.500000 
0 

4
-25.851779 -0.500000 -0.300000 -0.500000 -0.300000 0.500000 -25.851779 0.500000 
0 

4
0.300000 -0.500000 18.635482 -0.500000 18.635482 0.500000 0.300000 0.500000 
0 

4
41.364518 -0.500000 59.700000 -0.500000 59.700000 0.500000 41.364518 0.500000 
0 

