Grid2 -60.000000 -60.000000 60.000000 60.000000 3 3
RobotInitCfg -39.789744 41.599083 2.082022
Rooms 9
1 4 -48.782995 -56.368964 -35.883605 -43.252052
3 0 4 8 -4.920323 -46.228766 8.331168 -33.206011
2 1 8 43.024695 -36.566758 56.055158 -24.637783
2 5 7 -42.640278 2.672357 -31.262110 16.711054
4 0 2 6 7 -14.378000 -13.102853 -0.444162 1.246867
3 1 3 6 40.591261 -7.088406 53.131039 5.905843
1 5 -54.902755 25.668568 -42.217150 36.934090
1 2 2.266838 26.934866 15.357546 40.449645
1 3 28.910599 23.901949 41.142290 35.723088
Doors 9
4 1 -6.180424 -20.500000 6.180424 -19.500000
5 2 32.507829 -20.500000 47.492171 -19.500000
7 4 -7.291347 19.500000 7.291347 20.500000
8 5 32.824364 19.500000 47.175636 20.500000
1 0 -20.500000 -46.510491 -19.500000 -33.489509
6 3 -47.400025 19.500000 -32.599975 20.500000
5 4 19.500000 -7.759917 20.500000 7.759917
4 3 -20.500000 -6.467921 -19.500000 6.467921
2 1 19.500000 -46.565787 20.500000 -33.434213
Objects 6
3 33.713910 29.079811 0.000000
4
2.016137 0.000000 0.000000 2.016137 -2.016137 0.000000 -0.000000 -2.016137 
0 

4 6.845899 29.275510 0.000000
6
2.147682 0.000000 1.073841 1.859947 -1.073841 1.859947 -2.147682 0.000000 -1.073841 -1.859947 1.073841 -1.859947 
0 

2 -48.523232 28.043277 0.000000
5
1.972949 0.000000 0.609675 1.876386 -1.596149 1.159670 -1.596149 -1.159670 0.609675 -1.876386 
0 

5 50.191648 -31.145286 0.000000
4
2.372971 0.000000 0.000000 2.372971 -2.372971 0.000000 -0.000000 -2.372971 
0 

0 -8.250785 -4.581692 0.000000
7
2.596560 0.000000 1.618929 2.030073 -0.577789 2.531459 -2.339420 1.126605 -2.339420 -1.126605 -0.577789 -2.531459 1.618929 -2.030073 
0 

7 -0.421492 -36.258176 0.000000
6
2.135850 0.000000 1.067925 1.849701 -1.067925 1.849701 -2.135850 0.000000 -1.067925 -1.849701 1.067925 -1.849701 
0 

Obstacles 51
8
37.709810 -24.883049 37.010204 -23.194050 35.321205 -22.494443 33.632206 -23.194050 32.932600 -24.883049 33.632206 -26.572047 35.321205 -27.271654 37.010204 -26.572047 
0 

8
-28.922729 -9.028283 -29.539464 -7.539352 -31.028395 -6.922617 -32.517325 -7.539352 -33.134061 -9.028283 -32.517325 -10.517213 -31.028395 -11.133949 -29.539464 -10.517213 
0 

7
16.439375 48.484197 15.619295 50.187111 13.776591 50.607696 12.298858 49.429243 12.298858 47.539151 13.776591 46.360698 15.619295 46.781283 
0 

8
54.458905 28.079420 53.851923 29.544804 52.386539 30.151786 50.921154 29.544804 50.314172 28.079420 50.921154 26.614036 52.386539 26.007054 53.851923 26.614036 
0 

4
19.500000 20.200000 20.500000 20.200000 20.500000 59.800000 19.500000 59.800000 
0 

4
-59.800000 -20.500000 -20.200000 -20.500000 -20.200000 -19.500000 -59.800000 -19.500000 
0 

4
-20.500000 20.200000 -19.500000 20.200000 -19.500000 59.800000 -20.500000 59.800000 
0 

4
-19.800000 -20.500000 -6.180424 -20.500000 -6.180424 -19.500000 -19.800000 -19.500000 
0 

4
6.180424 -20.500000 19.800000 -20.500000 19.800000 -19.500000 6.180424 -19.500000 
0 

4
20.200000 -20.500000 32.507829 -20.500000 32.507829 -19.500000 20.200000 -19.500000 
0 

4
47.492171 -20.500000 59.800000 -20.500000 59.800000 -19.500000 47.492171 -19.500000 
0 

4
-19.800000 19.500000 -7.291347 19.500000 -7.291347 20.500000 -19.800000 20.500000 
0 

4
7.291347 19.500000 19.800000 19.500000 19.800000 20.500000 7.291347 20.500000 
0 

4
20.200000 19.500000 32.824364 19.500000 32.824364 20.500000 20.200000 20.500000 
0 

4
47.175636 19.500000 59.800000 19.500000 59.800000 20.500000 47.175636 20.500000 
0 

4
-20.500000 -59.800000 -19.500000 -59.800000 -19.500000 -46.510491 -20.500000 -46.510491 
0 

4
-20.500000 -33.489509 -19.500000 -33.489509 -19.500000 -20.200000 -20.500000 -20.200000 
0 

4
-59.800000 19.500000 -47.400025 19.500000 -47.400025 20.500000 -59.800000 20.500000 
0 

4
-32.599975 19.500000 -20.200000 19.500000 -20.200000 20.500000 -32.599975 20.500000 
0 

4
19.500000 -19.800000 20.500000 -19.800000 20.500000 -7.759917 19.500000 -7.759917 
0 

4
19.500000 7.759917 20.500000 7.759917 20.500000 19.800000 19.500000 19.800000 
0 

4
-20.500000 -19.800000 -19.500000 -19.800000 -19.500000 -6.467921 -20.500000 -6.467921 
0 

4
-20.500000 6.467921 -19.500000 6.467921 -19.500000 19.800000 -20.500000 19.800000 
0 

4
19.500000 -59.800000 20.500000 -59.800000 20.500000 -46.565787 19.500000 -46.565787 
0 

4
19.500000 -33.434213 20.500000 -33.434213 20.500000 -20.200000 19.500000 -20.200000 
0 

4
-6.461326 -55.630300 -8.487678 -53.603948 -10.514029 -55.630300 -8.487678 -57.656651 
0 

8
17.744883 -11.584512 17.247379 -10.383433 16.046299 -9.885929 14.845220 -10.383433 14.347716 -11.584512 14.845220 -12.785592 16.046299 -13.283096 17.247379 -12.785592 
0 

6
46.101938 39.436536 45.272268 40.873566 43.612930 40.873566 42.783261 39.436536 43.612930 37.999507 45.272268 37.999507 
0 

6
-24.075329 6.473572 -25.151997 8.338416 -27.305334 8.338416 -28.382002 6.473572 -27.305334 4.608728 -25.151997 4.608728 
0 

8
4.447303 10.971076 3.879554 12.341745 2.508885 12.909494 1.138216 12.341745 0.570467 10.971076 1.138216 9.600407 2.508885 9.032658 3.879554 9.600407 
0 

4
-52.846244 0.110736 -55.485603 2.750095 -58.124963 0.110736 -55.485603 -2.528624 
0 

6
-27.692528 -30.910804 -28.772103 -29.040925 -30.931253 -29.040925 -32.010828 -30.910804 -30.931253 -32.780683 -28.772103 -32.780683 
0 

7
-23.832710 14.541923 -24.938626 16.838380 -27.423596 17.405559 -29.416388 15.816361 -29.416388 13.267485 -27.423596 11.678287 -24.938626 12.245465 
0 

6
-31.466798 50.348567 -32.224222 51.660463 -33.739069 51.660463 -34.496493 50.348567 -33.739069 49.036671 -32.224222 49.036671 
0 

8
-47.792582 -26.083716 -48.316617 -24.818583 -49.581751 -24.294547 -50.846885 -24.818583 -51.370921 -26.083716 -50.846885 -27.348850 -49.581751 -27.872886 -48.316617 -27.348850 
0 

7
0.091097 47.857648 -0.860773 49.834227 -2.999606 50.322401 -4.714817 48.954566 -4.714817 46.760729 -2.999606 45.392894 -0.860773 45.881069 
0 

4
-7.186003 -32.916784 -9.268732 -30.834055 -11.351460 -32.916784 -9.268732 -34.999512 
0 

5
-9.515744 -27.582661 -10.951416 -25.606628 -13.274383 -26.361406 -13.274383 -28.803917 -10.951416 -29.558694 
0 

7
-36.577009 31.049014 -37.442376 32.845966 -39.386837 33.289777 -40.946174 32.046247 -40.946174 30.051781 -39.386837 28.808251 -37.442376 29.252062 
0 

6
-30.425719 29.521391 -31.382881 31.179243 -33.297203 31.179243 -34.254365 29.521391 -33.297203 27.863539 -31.382881 27.863539 
0 

4
16.920710 0.009358 14.713470 2.216597 12.506231 0.009358 14.713470 -2.197882 
0 

8
-6.421821 -43.565441 -7.072787 -41.993870 -8.644359 -41.342903 -10.215930 -41.993870 -10.866897 -43.565441 -10.215930 -45.137013 -8.644359 -45.787979 -7.072787 -45.137013 
0 

4
38.825262 -6.198583 36.071029 -3.444350 33.316796 -6.198583 36.071029 -8.952816 
0 

5
44.807476 52.748188 42.950459 55.304152 39.945743 54.327861 39.945743 51.168515 42.950459 50.192224 
0 

6
53.273125 13.150327 52.566261 14.374653 51.152532 14.374653 50.445667 13.150327 51.152532 11.926002 52.566261 11.926002 
0 

5
-50.748973 -42.101919 -51.727094 -40.755651 -53.309726 -41.269880 -53.309726 -42.933957 -51.727094 -43.448186 
0 

5
28.913054 -29.558074 27.505483 -27.620718 25.227984 -28.360723 25.227984 -30.755426 27.505483 -31.495430 
0 

5
-46.073788 -8.677871 -47.469622 -6.756671 -49.728128 -7.490504 -49.728128 -9.865238 -47.469622 -10.599071 
0 

6
-22.694055 30.383515 -24.107356 32.831425 -26.933960 32.831425 -28.347261 30.383515 -26.933960 27.935604 -24.107356 27.935604 
0 

6
-24.738324 39.688094 -25.473801 40.961978 -26.944756 40.961978 -27.680234 39.688094 -26.944756 38.414209 -25.473801 38.414209 
0 

8
-31.871358 -4.910614 -32.485048 -3.429037 -33.966624 -2.815348 -35.448201 -3.429037 -36.061890 -4.910614 -35.448201 -6.392190 -33.966624 -7.005879 -32.485048 -6.392190 
0 

