Grid2 -60.000000 -60.000000 60.000000 60.000000 2 2
RobotInitCfg -52.640164 -47.948752 -2.098649
Rooms 4
2 0 2 -32.474370 -36.208292 -11.277222 -14.692309
2 0 3 17.233249 -22.725082 33.734362 -5.262770
2 1 2 -25.184960 33.515233 -8.594794 51.105706
2 1 3 21.470264 25.167242 38.641714 42.830430
Doors 4
1 0 -0.500000 -34.702800 0.500000 -25.297200
3 2 -0.500000 26.952432 0.500000 33.047568
2 0 -34.148221 -0.500000 -25.851779 0.500000
3 1 18.635482 -0.500000 41.364518 0.500000
Objects 2
2 -26.551326 -23.289492 0.000000
7
1.692822 0.000000 1.055457 1.323501 -0.376688 1.650379 -1.525180 0.734488 -1.525180 -0.734488 -0.376688 -1.650379 1.055457 -1.323501 
0 

1 25.632539 38.381635 0.000000
6
3.768398 0.000000 1.884199 3.263528 -1.884199 3.263528 -3.768398 0.000000 -1.884199 -3.263528 1.884199 -3.263528 
0 

Obstacles 38
8
-46.532915 4.337073 -47.157440 5.844809 -48.665177 6.469334 -50.172913 5.844809 -50.797438 4.337073 -50.172913 2.829336 -48.665177 2.204812 -47.157440 2.829336 
0 

6
55.342118 -36.989747 53.759427 -34.248445 50.594045 -34.248445 49.011354 -36.989747 50.594045 -39.731048 53.759427 -39.731048 
0 

4
-11.734347 -48.319643 -14.754633 -45.299357 -17.774919 -48.319643 -14.754633 -51.339929 
0 

4
-25.653226 -6.484324 -28.755181 -3.382369 -31.857137 -6.484324 -28.755181 -9.586280 
0 

4
-0.500000 -59.700000 0.500000 -59.700000 0.500000 -34.702800 -0.500000 -34.702800 
0 

4
-0.500000 -25.297200 0.500000 -25.297200 0.500000 -0.300000 -0.500000 -0.300000 
0 

4
-0.500000 0.300000 0.500000 0.300000 0.500000 26.952432 -0.500000 26.952432 
0 

4
-0.500000 33.047568 0.500000 33.047568 0.500000 59.700000 -0.500000 59.700000 
0 

4
-59.700000 -0.500000 -34.148221 -0.500000 -34.148221 0.500000 -59.700000 0.500000 
0 

4
-25.851779 -0.500000 -0.300000 -0.500000 -0.300000 0.500000 -25.851779 0.500000 
0 

4
0.300000 -0.500000 18.635482 -0.500000 18.635482 0.500000 0.300000 0.500000 
0 

4
41.364518 -0.500000 59.700000 -0.500000 59.700000 0.500000 41.364518 0.500000 
0 

6
30.408594 16.013641 29.255068 18.011606 26.948017 18.011606 25.794491 16.013641 26.948017 14.015676 29.255068 14.015676 
0 

7
-36.446156 -44.792865 -37.611985 -42.371995 -40.231581 -41.774089 -42.332333 -43.449383 -42.332333 -46.136347 -40.231581 -47.811641 -37.611985 -47.213735 
0 

7
-14.981142 28.573847 -15.783039 30.239002 -17.584883 30.650261 -19.029851 29.497938 -19.029851 27.649755 -17.584883 26.497432 -15.783039 26.908692 
0 

8
43.644261 6.047035 42.572046 8.635591 39.983490 9.707807 37.394933 8.635591 36.322718 6.047035 37.394933 3.458478 39.983490 2.386263 42.572046 3.458478 
0 

7
-38.030125 48.908582 -39.505284 51.971781 -42.819936 52.728329 -45.478080 50.608529 -45.478080 47.208635 -42.819936 45.088835 -39.505284 45.845383 
0 

8
47.797477 35.454270 46.904913 37.609110 44.750073 38.501674 42.595233 37.609110 41.702668 35.454270 42.595233 33.299430 44.750073 32.406866 46.904913 33.299430 
0 

6
34.387727 -50.023702 32.713231 -47.123389 29.364238 -47.123389 27.689742 -50.023702 29.364238 -52.924015 32.713231 -52.924015 
0 

6
37.181216 -35.381507 36.011604 -33.355678 33.672378 -33.355678 32.502765 -35.381507 33.672378 -37.407335 36.011604 -37.407335 
0 

8
11.824730 32.109577 10.524095 35.249587 7.384085 36.550221 4.244076 35.249587 2.943441 32.109577 4.244076 28.969567 7.384085 27.668933 10.524095 28.969567 
0 

8
-26.901122 45.220868 -28.212875 48.387720 -31.379727 49.699473 -34.546580 48.387720 -35.858333 45.220868 -34.546580 42.054016 -31.379727 40.742262 -28.212875 42.054016 
0 

6
41.486242 -5.398525 40.370309 -3.465673 38.138443 -3.465673 37.022511 -5.398525 38.138443 -7.331377 40.370309 -7.331377 
0 

5
12.591166 -52.800047 9.910745 -49.110764 5.573733 -50.519944 5.573733 -55.080149 9.910745 -56.489329 
0 

5
-30.485972 20.646465 -32.631925 23.600117 -36.104151 22.471922 -36.104151 18.821008 -32.631925 17.692813 
0 

7
15.374518 20.620820 14.101776 23.263695 11.241951 23.916432 8.948550 22.087505 8.948550 19.154135 11.241951 17.325208 14.101776 17.977944 
0 

6
-40.156716 -31.778541 -41.337621 -29.733154 -43.699430 -29.733154 -44.880335 -31.778541 -43.699430 -33.823928 -41.337621 -33.823928 
0 

7
-1.693804 46.078777 -2.808623 48.393721 -5.313597 48.965465 -7.322431 47.363474 -7.322431 44.794079 -5.313597 43.192088 -2.808623 43.763832 
0 

4
-40.578860 27.473247 -44.207217 31.101604 -47.835574 27.473247 -44.207217 23.844890 
0 

5
-2.861971 -14.323806 -5.654982 -10.479557 -10.174168 -11.947929 -10.174168 -16.699683 -5.654982 -18.168056 
0 

5
27.267329 7.883217 24.428961 11.789895 19.836387 10.297677 19.836387 5.468758 24.428961 3.976540 
0 

4
49.673531 -21.729429 46.280165 -18.336063 42.886799 -21.729429 46.280165 -25.122794 
0 

7
-34.697740 -37.490034 -35.717054 -35.373408 -38.007430 -34.850644 -39.844169 -36.315395 -39.844169 -38.664672 -38.007430 -40.129423 -35.717054 -39.606660 
0 

5
-25.915556 28.033525 -28.209769 31.191237 -31.921883 29.985098 -31.921883 26.081951 -28.209769 24.875812 
0 

5
13.473593 10.422815 11.587167 13.019258 8.534864 12.027505 8.534864 8.818125 11.587167 7.826371 
0 

4
57.138556 -13.781080 53.241914 -9.884438 49.345273 -13.781080 53.241914 -17.677721 
0 

7
-20.614468 11.816051 -21.702379 14.075121 -24.146892 14.633065 -26.107239 13.069740 -26.107239 10.562362 -24.146892 8.999037 -21.702379 9.556981 
0 

7
7.959931 -33.519667 6.691768 -30.886300 3.842233 -30.235912 1.557083 -32.058259 1.557083 -34.981075 3.842233 -36.803421 6.691768 -36.153033 
0 

