Grid2 -60.000000 -60.000000 60.000000 60.000000 3 3
RobotInitCfg 26.884216 -15.075481 0.766504
Rooms 9
1 5 -36.557240 -36.426010 -23.307500 -25.102222
3 1 4 5 -4.678465 -57.335909 7.810795 -45.445087
2 2 4 37.381965 -45.725070 50.176593 -33.270709
2 0 8 -38.462566 -0.441241 -25.765566 12.328949
3 1 6 8 -11.719469 -8.395912 1.720993 4.893543
1 2 35.151941 -2.523127 46.812313 9.320502
2 0 3 -43.299390 45.181131 -30.939071 56.732325
3 3 6 7 -9.977251 44.387954 1.842795 57.159830
1 7 41.028789 25.934006 54.324452 37.721564
Doors 9
6 3 -47.255402 19.500000 -32.744598 20.500000
4 1 -7.401775 -20.500000 7.401775 -19.500000
5 2 32.825256 -20.500000 47.174744 -19.500000
7 6 -20.500000 33.622701 -19.500000 46.377299
2 1 19.500000 -46.256607 20.500000 -33.743393
1 0 -20.500000 -46.611203 -19.500000 -33.388797
7 4 -6.569091 19.500000 6.569091 20.500000
8 7 19.500000 33.619985 20.500000 46.380015
4 3 -20.500000 -6.905837 -19.500000 6.905837
Objects 6
0 40.177000 2.641465 0.000000
6
2.129602 0.000000 1.064801 1.844289 -1.064801 1.844289 -2.129602 0.000000 -1.064801 -1.844289 1.064801 -1.844289 
0 

3 -8.391216 -4.641428 0.000000
6
2.091154 0.000000 1.045577 1.810993 -1.045577 1.810993 -2.091154 0.000000 -1.045577 -1.810993 1.045577 -1.810993 
0 

8 -32.755215 7.721731 0.000000
4
2.257853 0.000000 0.000000 2.257853 -2.257853 0.000000 -0.000000 -2.257853 
0 

5 40.625305 -41.178197 0.000000
7
1.906967 0.000000 1.188974 1.490927 -0.424340 1.859155 -1.718118 0.827402 -1.718118 -0.827402 -0.424340 -1.859155 1.188974 -1.490927 
0 

4 48.533838 29.646517 0.000000
6
1.825277 0.000000 0.912638 1.580736 -0.912638 1.580736 -1.825277 0.000000 -0.912638 -1.580736 0.912638 -1.580736 
0 

7 5.080129 -49.833691 0.000000
5
2.112230 0.000000 0.652715 2.008850 -1.708830 1.241537 -1.708830 -1.241537 0.652715 -2.008850 
0 

Obstacles 51
4
-9.459072 30.296992 -11.633352 32.471272 -13.807632 30.296992 -11.633352 28.122712 
0 

4
12.937099 28.942883 10.143504 31.736479 7.349908 28.942883 10.143504 26.149287 
0 

7
-2.408869 -35.345397 -3.163360 -33.778681 -4.858686 -33.391734 -6.218232 -34.475935 -6.218232 -36.214859 -4.858686 -37.299061 -3.163360 -36.912114 
0 

4
38.788891 28.318754 36.074060 31.033584 33.359230 28.318754 36.074060 25.603923 
0 

4
-59.800000 -20.500000 -20.200000 -20.500000 -20.200000 -19.500000 -59.800000 -19.500000 
0 

4
19.500000 -19.800000 20.500000 -19.800000 20.500000 19.800000 19.500000 19.800000 
0 

4
20.200000 19.500000 59.800000 19.500000 59.800000 20.500000 20.200000 20.500000 
0 

4
-59.800000 19.500000 -47.255402 19.500000 -47.255402 20.500000 -59.800000 20.500000 
0 

4
-32.744598 19.500000 -20.200000 19.500000 -20.200000 20.500000 -32.744598 20.500000 
0 

4
-19.800000 -20.500000 -7.401775 -20.500000 -7.401775 -19.500000 -19.800000 -19.500000 
0 

4
7.401775 -20.500000 19.800000 -20.500000 19.800000 -19.500000 7.401775 -19.500000 
0 

4
20.200000 -20.500000 32.825256 -20.500000 32.825256 -19.500000 20.200000 -19.500000 
0 

4
47.174744 -20.500000 59.800000 -20.500000 59.800000 -19.500000 47.174744 -19.500000 
0 

4
-20.500000 20.200000 -19.500000 20.200000 -19.500000 33.622701 -20.500000 33.622701 
0 

4
-20.500000 46.377299 -19.500000 46.377299 -19.500000 59.800000 -20.500000 59.800000 
0 

4
19.500000 -59.800000 20.500000 -59.800000 20.500000 -46.256607 19.500000 -46.256607 
0 

4
19.500000 -33.743393 20.500000 -33.743393 20.500000 -20.200000 19.500000 -20.200000 
0 

4
-20.500000 -59.800000 -19.500000 -59.800000 -19.500000 -46.611203 -20.500000 -46.611203 
0 

4
-20.500000 -33.388797 -19.500000 -33.388797 -19.500000 -20.200000 -20.500000 -20.200000 
0 

4
-19.800000 19.500000 -6.569091 19.500000 -6.569091 20.500000 -19.800000 20.500000 
0 

4
6.569091 19.500000 19.800000 19.500000 19.800000 20.500000 6.569091 20.500000 
0 

4
19.500000 20.200000 20.500000 20.200000 20.500000 33.619985 19.500000 33.619985 
0 

4
19.500000 46.380015 20.500000 46.380015 20.500000 59.800000 19.500000 59.800000 
0 

4
-20.500000 -19.800000 -19.500000 -19.800000 -19.500000 -6.905837 -20.500000 -6.905837 
0 

4
-20.500000 6.905837 -19.500000 6.905837 -19.500000 19.800000 -20.500000 19.800000 
0 

4
34.682406 -24.712193 33.043537 -23.073323 31.404667 -24.712193 33.043537 -26.351063 
0 

8
30.350421 55.039945 29.880181 56.175205 28.744922 56.645445 27.609662 56.175205 27.139422 55.039945 27.609662 53.904686 28.744922 53.434446 29.880181 53.904686 
0 

7
26.523237 -43.211461 25.619380 -41.334583 23.588432 -40.871033 21.959738 -42.169873 21.959738 -44.253050 23.588432 -45.551890 25.619380 -45.088340 
0 

5
-53.445776 -36.163707 -55.339192 -33.557643 -58.402805 -34.553071 -58.402805 -37.774344 -55.339192 -38.769771 
0 

5
46.125300 -50.256870 44.825784 -48.468240 42.723124 -49.151436 42.723124 -51.362303 44.825784 -52.045499 
0 

6
-42.166656 8.908502 -43.274672 10.827642 -45.490704 10.827642 -46.598720 8.908502 -45.490704 6.989363 -43.274672 6.989363 
0 

6
-10.140673 -13.392304 -11.045730 -11.824699 -12.855844 -11.824699 -13.760901 -13.392304 -12.855844 -14.959908 -11.045730 -14.959908 
0 

8
9.916163 7.269343 9.312833 8.725911 7.856266 9.329241 6.399698 8.725911 5.796368 7.269343 6.399698 5.812775 7.856266 5.209445 9.312833 5.812775 
0 

5
-41.120179 -52.725554 -42.645800 -50.625717 -45.114305 -51.427783 -45.114305 -54.023324 -42.645800 -54.825390 
0 

7
8.648678 13.885028 7.717992 15.817616 5.626761 16.294926 3.949724 14.957533 3.949724 12.812522 5.626761 11.475130 7.717992 11.952439 
0 

6
17.880391 7.850733 16.851732 9.632423 14.794414 9.632423 13.765755 7.850733 14.794414 6.069044 16.851732 6.069044 
0 

8
-52.607927 -3.773544 -53.073163 -2.650367 -54.196340 -2.185131 -55.319517 -2.650367 -55.784753 -3.773544 -55.319517 -4.896721 -54.196340 -5.361957 -53.073163 -4.896721 
0 

7
32.065988 45.324969 30.980225 47.579580 28.540536 48.136423 26.584058 46.576184 26.584058 44.073754 28.540536 42.513514 30.980225 43.070357 
0 

8
0.669807 -13.023653 0.252941 -12.017249 -0.753463 -11.600383 -1.759868 -12.017249 -2.176734 -13.023653 -1.759868 -14.030058 -0.753463 -14.446924 0.252941 -14.030058 
0 

5
13.869778 -39.287184 12.634866 -37.587472 10.636735 -38.236704 10.636735 -40.337663 12.634866 -40.986895 
0 

5
55.206399 -29.910459 53.814798 -27.995085 51.563142 -28.726693 51.563142 -31.094225 53.814798 -31.825832 
0 

7
11.876472 40.289096 11.224493 41.642944 9.759510 41.977316 8.584685 41.040425 8.584685 39.537767 9.759510 38.600875 11.224493 38.935248 
0 

7
30.286842 -5.759441 29.757540 -4.660334 28.568210 -4.388877 27.614441 -5.149483 27.614441 -6.369399 28.568210 -7.130004 29.757540 -6.858547 
0 

5
41.036152 -53.611047 39.270019 -51.180172 36.412354 -52.108684 36.412354 -55.113410 39.270019 -56.041921 
0 

7
-55.509831 -11.431760 -56.166474 -10.068227 -57.641937 -9.731462 -58.825166 -10.675056 -58.825166 -12.188464 -57.641937 -13.132058 -56.166474 -12.795293 
0 

7
17.325115 -33.818012 16.388083 -31.872246 14.282591 -31.391681 12.594118 -32.738193 12.594118 -34.897831 14.282591 -36.244343 16.388083 -35.763779 
0 

8
-42.585823 -0.325652 -43.317225 1.440110 -45.082987 2.171512 -46.848749 1.440110 -47.580152 -0.325652 -46.848749 -2.091414 -45.082987 -2.822817 -43.317225 -2.091414 
0 

8
30.429334 -50.548678 29.905743 -49.284617 28.641682 -48.761026 27.377621 -49.284617 26.854030 -50.548678 27.377621 -51.812738 28.641682 -52.336329 29.905743 -51.812738 
0 

7
35.675831 39.157576 34.926579 40.713414 33.243026 41.097674 31.892921 40.021001 31.892921 38.294151 33.243026 37.217479 34.926579 37.601739 
0 

4
-38.041062 36.012822 -40.657368 38.629128 -43.273674 36.012822 -40.657368 33.396516 
0 

5
-48.211722 44.934690 -49.539471 46.762180 -51.687815 46.064141 -51.687815 43.805239 -49.539471 43.107199 
0 

