Grid2 -60.000000 -60.000000 60.000000 60.000000 3 3
RobotInitCfg -3.469019 -9.342425 -2.082596
Rooms 9
1 7 -49.133717 -43.655269 -36.693474 -31.435481
2 1 8 -15.042544 -43.283002 -2.351216 -29.114776
2 6 8 28.694299 -51.431550 40.071419 -39.264177
3 4 5 7 -46.760840 -15.358095 -32.746128 -3.987983
4 1 2 3 5 2.629580 -0.727694 14.725687 13.139818
3 0 3 6 35.489841 -5.207463 47.178853 6.040323
1 4 -49.320836 31.668294 -36.429192 42.489742
1 2 -13.090155 45.749833 -0.504392 56.793829
1 0 35.059997 44.802391 47.523781 57.712086
Doors 9
8 5 33.829076 19.500000 46.170924 20.500000
4 1 -7.446326 -20.500000 7.446326 -19.500000
7 4 -6.891186 19.500000 6.891186 20.500000
5 4 19.500000 -6.630903 20.500000 6.630903
6 3 -46.590592 19.500000 -33.409408 20.500000
4 3 -20.500000 -6.988689 -19.500000 6.988689
5 2 33.790443 -20.500000 46.209557 -19.500000
3 0 -46.758169 -20.500000 -33.241831 -19.500000
2 1 19.500000 -46.256596 20.500000 -33.743404
Objects 6
8 12.000105 2.500148 0.000000
6
2.393556 0.000000 1.196778 2.072880 -1.196778 2.072880 -2.393556 0.000000 -1.196778 -2.072880 1.196778 -2.072880 
0 

7 -43.335659 35.734041 0.000000
8
1.656675 0.000000 1.171446 1.171446 0.000000 1.656675 -1.171446 1.171446 -1.656675 0.000000 -1.171446 -1.171446 -0.000000 -1.656675 1.171446 -1.171446 
0 

3 -8.114445 -40.736196 0.000000
7
2.051117 0.000000 1.278850 1.603628 -0.456416 1.999691 -1.847992 0.889946 -1.847992 -0.889946 -0.456416 -1.999691 1.278850 -1.603628 
0 

4 -5.601641 53.510763 0.000000
6
1.703335 0.000000 0.851667 1.475131 -0.851667 1.475131 -1.703335 0.000000 -0.851667 -1.475131 0.851667 -1.475131 
0 

6 -44.759537 -37.306381 0.000000
5
1.841672 0.000000 0.569108 1.751534 -1.489944 1.082508 -1.489944 -1.082508 0.569108 -1.751534 
0 

2 45.421201 54.006751 0.000000
7
2.019675 0.000000 1.259247 1.579045 -0.449420 1.969037 -1.819664 0.876304 -1.819664 -0.876304 -0.449420 -1.969037 1.259247 -1.579045 
0 

Obstacles 51
4
43.242526 33.220370 41.172201 35.290695 39.101876 33.220370 41.172201 31.150046 
0 

8
-13.781733 14.968796 -14.463152 16.613887 -16.108244 17.295307 -17.753336 16.613887 -18.434755 14.968796 -17.753336 13.323704 -16.108244 12.642284 -14.463152 13.323704 
0 

4
-26.700708 4.853640 -29.641691 7.794623 -32.582674 4.853640 -29.641691 1.912657 
0 

7
-43.055451 8.726332 -44.091154 10.876991 -46.418357 11.408160 -48.284629 9.919857 -48.284629 7.532806 -46.418357 6.044504 -44.091154 6.575673 
0 

4
-20.500000 -59.800000 -19.500000 -59.800000 -19.500000 -20.200000 -20.500000 -20.200000 
0 

4
19.500000 20.200000 20.500000 20.200000 20.500000 59.800000 19.500000 59.800000 
0 

4
-20.500000 20.200000 -19.500000 20.200000 -19.500000 59.800000 -20.500000 59.800000 
0 

4
20.200000 19.500000 33.829076 19.500000 33.829076 20.500000 20.200000 20.500000 
0 

4
46.170924 19.500000 59.800000 19.500000 59.800000 20.500000 46.170924 20.500000 
0 

4
-19.800000 -20.500000 -7.446326 -20.500000 -7.446326 -19.500000 -19.800000 -19.500000 
0 

4
7.446326 -20.500000 19.800000 -20.500000 19.800000 -19.500000 7.446326 -19.500000 
0 

4
-19.800000 19.500000 -6.891186 19.500000 -6.891186 20.500000 -19.800000 20.500000 
0 

4
6.891186 19.500000 19.800000 19.500000 19.800000 20.500000 6.891186 20.500000 
0 

4
19.500000 -19.800000 20.500000 -19.800000 20.500000 -6.630903 19.500000 -6.630903 
0 

4
19.500000 6.630903 20.500000 6.630903 20.500000 19.800000 19.500000 19.800000 
0 

4
-59.800000 19.500000 -46.590592 19.500000 -46.590592 20.500000 -59.800000 20.500000 
0 

4
-33.409408 19.500000 -20.200000 19.500000 -20.200000 20.500000 -33.409408 20.500000 
0 

4
-20.500000 -19.800000 -19.500000 -19.800000 -19.500000 -6.988689 -20.500000 -6.988689 
0 

4
-20.500000 6.988689 -19.500000 6.988689 -19.500000 19.800000 -20.500000 19.800000 
0 

4
20.200000 -20.500000 33.790443 -20.500000 33.790443 -19.500000 20.200000 -19.500000 
0 

4
46.209557 -20.500000 59.800000 -20.500000 59.800000 -19.500000 46.209557 -19.500000 
0 

4
-59.800000 -20.500000 -46.758169 -20.500000 -46.758169 -19.500000 -59.800000 -19.500000 
0 

4
-33.241831 -20.500000 -20.200000 -20.500000 -20.200000 -19.500000 -33.241831 -19.500000 
0 

4
19.500000 -59.800000 20.500000 -59.800000 20.500000 -46.256596 19.500000 -46.256596 
0 

4
19.500000 -33.743404 20.500000 -33.743404 20.500000 -20.200000 19.500000 -20.200000 
0 

8
51.669588 -9.016302 51.013807 -7.433107 49.430612 -6.777326 47.847416 -7.433107 47.191635 -9.016302 47.847416 -10.599497 49.430612 -11.255278 51.013807 -10.599497 
0 

7
50.090670 -29.137083 49.344996 -27.588674 47.669481 -27.206249 46.325823 -28.277781 46.325823 -29.996384 47.669481 -31.067916 49.344996 -30.685491 
0 

6
-25.497495 -41.198510 -26.462344 -39.527342 -28.392043 -39.527342 -29.356892 -41.198510 -28.392043 -42.869678 -26.462344 -42.869678 
0 

7
-50.979117 -48.177034 -51.780359 -46.513238 -53.580734 -46.102314 -55.024522 -47.253697 -55.024522 -49.100371 -53.580734 -50.251754 -51.780359 -49.840831 
0 

5
0.719074 0.387521 -1.144803 2.952929 -4.160621 1.973030 -4.160621 -1.197988 -1.144803 -2.177887 
0 

5
-24.115398 39.265691 -25.185211 40.738162 -26.916204 40.175729 -26.916204 38.355654 -25.185211 37.793221 
0 

7
9.665801 42.694333 8.656075 44.791050 6.387242 45.308897 4.567779 43.857923 4.567779 41.530743 6.387242 40.079770 8.656075 40.597616 
0 

4
-22.335608 -8.398408 -24.745864 -5.988152 -27.156120 -8.398408 -24.745864 -10.808664 
0 

6
1.247305 -46.845352 0.425024 -45.421120 -1.219538 -45.421120 -2.041819 -46.845352 -1.219538 -48.269585 0.425024 -48.269585 
0 

7
30.839422 -14.596990 29.951611 -12.753432 27.956718 -12.298110 26.356937 -13.573892 26.356937 -15.620088 27.956718 -16.895870 29.951611 -16.440549 
0 

6
14.230605 -32.844816 13.317380 -31.263064 11.490930 -31.263064 10.577705 -32.844816 11.490930 -34.426568 13.317380 -34.426568 
0 

6
-23.865547 26.850596 -24.645091 28.200805 -26.204178 28.200805 -26.983721 26.850596 -26.204178 25.500387 -24.645091 25.500387 
0 

7
-6.908671 36.298947 -7.803677 38.157444 -9.814735 38.616455 -11.427479 37.330335 -11.427479 35.267558 -9.814735 33.981438 -7.803677 34.440449 
0 

4
-42.844799 1.674651 -44.313232 3.143084 -45.781666 1.674651 -44.313232 0.206218 
0 

6
-41.027512 -25.620518 -42.329802 -23.364886 -44.934381 -23.364886 -46.236670 -25.620518 -44.934381 -27.876150 -42.329802 -27.876150 
0 

7
36.042493 35.306089 35.407748 36.624151 33.981488 36.949685 32.837717 36.037558 32.837717 34.574619 33.981488 33.662492 35.407748 33.988026 
0 

5
11.825020 50.312555 10.752227 51.789128 9.016411 51.225127 9.016411 49.399983 10.752227 48.835982 
0 

8
-50.545018 -7.369416 -51.194820 -5.800653 -52.763583 -5.150851 -54.332346 -5.800653 -54.982149 -7.369416 -54.332346 -8.938179 -52.763583 -9.587982 -51.194820 -8.938179 
0 

6
1.342339 8.834962 0.531747 10.238949 -1.089438 10.238949 -1.900030 8.834962 -1.089438 7.430975 0.531747 7.430975 
0 

7
44.379311 -34.071690 43.784730 -32.837029 42.448717 -32.532093 41.377319 -33.386505 41.377319 -34.756875 42.448717 -35.611287 43.784730 -35.306351 
0 

7
-40.562783 26.081787 -41.531442 28.093228 -43.707999 28.590013 -45.453462 27.198053 -45.453462 24.965521 -43.707999 23.573561 -41.531442 24.070346 
0 

6
13.530312 29.123483 12.769237 30.441704 11.247087 30.441704 10.486012 29.123483 11.247087 27.805263 12.769237 27.805263 
0 

8
3.151320 -8.033715 2.699089 -6.941933 1.607306 -6.489702 0.515524 -6.941933 0.063293 -8.033715 0.515524 -9.125498 1.607306 -9.577729 2.699089 -9.125498 
0 

4
26.991224 -30.853361 24.907576 -28.769713 22.823929 -30.853361 24.907576 -32.937008 
0 

6
-53.975921 -25.471409 -54.841207 -23.972689 -56.571781 -23.972689 -57.437068 -25.471409 -56.571781 -26.970130 -54.841207 -26.970130 
0 

7
2.125252 -15.735063 1.356238 -14.138188 -0.371722 -13.743792 -1.757439 -14.848864 -1.757439 -16.621262 -0.371722 -17.726334 1.356238 -17.331938 
0 

