Grid2 -60.000000 -60.000000 60.000000 60.000000 2 2
RobotInitCfg 12.106677 -53.133499 2.198668
Rooms 4
2 0 3 -36.384906 -48.750093 -15.177445 -27.817775
2 1 3 21.361834 -53.975723 41.831597 -33.682926
2 0 2 -39.921606 8.219780 -19.419238 27.303906
2 1 2 29.277320 27.003671 46.336626 46.261378
Doors 4
2 0 -33.174716 -0.500000 -26.825284 0.500000
3 1 24.088660 -0.500000 35.911340 0.500000
3 2 -0.500000 25.803687 0.500000 34.196313
1 0 -0.500000 -38.776005 0.500000 -21.223995
Objects 2

2 32.386127 -45.221459 0.000000
7
2.685353 0.000000 1.674290 2.099493 -0.597547 2.618025 -2.419419 1.165131 -2.419419 -1.165131 -0.597547 -2.618025 1.674290 -2.099493 
0 

3 -33.961201 -31.932750 0.000000
6
1.249193 0.000000 0.624597 1.081833 -0.624597 1.081833 -1.249193 0.000000 -0.624597 -1.081833 0.624597 -1.081833 
0 

Obstacles 38
5
-25.802392 -16.132915 -27.922428 -13.214935 -31.352720 -14.329504 -31.352720 -17.936326 -27.922428 -19.050895 
0 

4
-22.665613 35.202640 -25.810881 38.347908 -28.956149 35.202640 -25.810881 32.057372 
0 

7
37.605762 -6.484849 36.303680 -3.781047 33.377927 -3.113263 31.031656 -4.984352 31.031656 -7.985346 33.377927 -9.856435 36.303680 -9.188651 
0 

4
-18.335426 -5.273521 -20.493077 -3.115870 -22.650727 -5.273521 -20.493077 -7.431171 
0 

4
-59.700000 -0.500000 -33.174716 -0.500000 -33.174716 0.500000 -59.700000 0.500000 
0 

4
-26.825284 -0.500000 -0.300000 -0.500000 -0.300000 0.500000 -26.825284 0.500000 
0 

4
0.300000 -0.500000 24.088660 -0.500000 24.088660 0.500000 0.300000 0.500000 
0 

4
35.911340 -0.500000 59.700000 -0.500000 59.700000 0.500000 35.911340 0.500000 
0 

4
-0.500000 0.300000 0.500000 0.300000 0.500000 25.803687 -0.500000 25.803687 
0 

4
-0.500000 34.196313 0.500000 34.196313 0.500000 59.700000 -0.500000 59.700000 
0 

4
-0.500000 -59.700000 0.500000 -59.700000 0.500000 -38.776005 -0.500000 -38.776005 
0 

4
-0.500000 -21.223995 0.500000 -21.223995 0.500000 -0.300000 -0.500000 -0.300000 
0 

4
-9.712238 8.045752 -12.666120 10.999634 -15.620002 8.045752 -12.666120 5.091870 
0 

5
-50.280079 33.279446 -52.045441 35.709258 -54.901856 34.781152 -54.901856 31.777739 -52.045441 30.849634 
0 

8
25.459723 -13.213548 24.444619 -10.762870 21.993942 -9.747766 19.543265 -10.762870 18.528161 -13.213548 19.543265 -15.664225 21.993942 -16.679329 24.444619 -15.664225 
0 

7
58.236171 -56.240491 57.313178 -54.323877 55.239233 -53.850513 53.576058 -55.176851 53.576058 -57.304132 55.239233 -58.630470 57.313178 -58.157105 
0 

7
52.117021 52.259988 50.934814 54.714866 48.278420 55.321171 46.148156 53.622343 46.148156 50.897634 48.278420 49.198806 50.934814 49.805110 
0 

8
-48.597227 -38.299421 -49.251440 -36.720009 -50.830852 -36.065795 -52.410264 -36.720009 -53.064478 -38.299421 -52.410264 -39.878833 -50.830852 -40.533047 -49.251440 -39.878833 
0 

6
14.474782 47.387716 13.290020 49.439783 10.920497 49.439783 9.735736 47.387716 10.920497 45.335649 13.290020 45.335649 
0 

4
-48.494032 13.874274 -51.594122 16.974364 -54.694212 13.874274 -51.594122 10.774184 
0 

6
-48.550894 45.316033 -49.842905 47.553862 -52.426929 47.553862 -53.718940 45.316033 -52.426929 43.078203 -49.842905 43.078203 
0 

6
44.070796 13.432101 42.900776 15.458633 40.560738 15.458633 39.390719 13.432101 40.560738 11.405568 42.900776 11.405568 
0 

4
-2.305861 47.208632 -6.566709 51.469481 -10.827558 47.208632 -6.566709 42.947783 
0 

5
-37.295245 -49.851155 -39.556791 -46.738404 -43.216050 -47.927369 -43.216050 -51.774941 -39.556791 -52.963906 
0 

7
-33.992638 -20.462520 -35.098713 -18.165731 -37.584043 -17.598471 -39.577122 -19.187898 -39.577122 -21.737142 -37.584043 -23.326570 -35.098713 -22.759310 
0 

7
-8.665513 -7.796298 -9.983002 -5.060503 -12.943375 -4.384817 -15.317409 -6.278046 -15.317409 -9.314550 -12.943375 -11.207779 -9.983002 -10.532094 
0 

6
58.787513 7.625178 57.324358 10.159436 54.398049 10.159436 52.934894 7.625178 54.398049 5.090920 57.324358 5.090920 
0 

4
-40.049581 34.004256 -44.330479 38.285154 -48.611378 34.004256 -44.330479 29.723357 
0 

6
-31.424114 53.136150 -33.427630 56.606342 -37.434663 56.606342 -39.438179 53.136150 -37.434663 49.665958 -33.427630 49.665958 
0 

4
-52.107098 -4.198241 -54.571703 -1.733636 -57.036307 -4.198241 -54.571703 -6.662846 
0 

5
-53.352687 -46.738415 -55.310680 -44.043468 -58.478781 -45.072846 -58.478781 -48.403984 -55.310680 -49.433362 
0 

5
38.909577 -23.452174 36.152843 -19.657855 31.692353 -21.107156 31.692353 -25.797193 36.152843 -27.246494 
0 

4
-46.082445 4.584131 -48.659949 7.161635 -51.237452 4.584131 -48.659949 2.006627 
0 

4
-38.717589 40.140051 -41.222235 42.644697 -43.726881 40.140051 -41.222235 37.635405 
0 

8
24.034142 6.986953 22.816258 9.927186 19.876025 11.145070 16.935793 9.927186 15.717908 6.986953 16.935793 4.046721 19.876025 2.828837 22.816258 4.046721 
0 

5
10.783931 -17.184917 8.196371 -13.623446 4.009612 -14.983807 4.009612 -19.386027 8.196371 -20.746387 
0 

5
-6.000235 -20.023523 -7.635073 -17.773361 -10.280298 -18.632846 -10.280298 -21.414200 -7.635073 -22.273685 
0 

4
34.598359 18.758854 30.494593 22.862621 26.390826 18.758854 30.494593 14.655088 
0 

