Grid2 -60.000000 -60.000000 60.000000 60.000000 3 2
RobotInitCfg -29.359984 51.275135 -1.108838
Rooms 6
2 4 5 -44.610789 -39.203465 -32.584799 -17.715943
3 1 2 4 0.027559 -53.599090 13.546351 -32.590910
1 1 27.938405 -47.910366 38.835804 -29.264298
2 0 5 -50.536546 32.443265 -36.581768 52.272485
3 0 2 3 -5.232933 31.940238 7.003565 48.990559
1 3 31.830211 22.865966 45.520556 41.498011
Doors 6
4 3 -20.500000 19.244354 -19.500000 40.755646
2 1 19.500000 -39.702068 20.500000 -20.297932
4 1 -7.846533 -0.500000 7.846533 0.500000
5 4 19.500000 20.546123 20.500000 39.453877
1 0 -20.500000 -40.026084 -19.500000 -19.973916
3 0 -47.316869 -0.500000 -32.683131 0.500000
Objects 4
4 -37.852367 -26.902592 0.000000
7
2.043384 0.000000 1.274029 1.597582 -0.454696 1.992152 -1.841025 0.886591 -1.841025 -0.886591 -0.454696 -1.992152 1.274029 -1.597582 
0 

5 -1.883130 37.754912 0.000000
5
2.186088 0.000000 0.675538 2.079094 -1.768583 1.284951 -1.768583 -1.284951 0.675538 -2.079094 
0 

2 2.910475 -44.254965 0.000000
4
2.053760 0.000000 0.000000 2.053760 -2.053760 0.000000 -0.000000 -2.053760 
0 

0 34.569095 -41.211516 0.000000
6
1.929427 0.000000 0.964713 1.670933 -0.964713 1.670933 -1.929427 0.000000 -0.964713 -1.670933 0.964713 -1.670933 
0 

Obstacles 43
7
-21.496727 26.418390 -22.385427 28.263796 -24.382318 28.719573 -25.983701 27.442513 -25.983701 25.394268 -24.382318 24.117208 -22.385427 24.572985 
0 

5
4.922034 8.625807 3.840780 10.114026 2.091274 9.545577 2.091274 7.706037 3.840780 7.137588 
0 

8
-14.219438 54.331990 -14.746502 55.604434 -16.018947 56.131498 -17.291392 55.604434 -17.818455 54.331990 -17.291392 53.059545 -16.018947 52.532481 -14.746502 53.059545 
0 

5
-12.416400 29.686428 -14.353152 32.352138 -17.486882 31.333928 -17.486882 28.038929 -14.353152 27.020719 
0 

4
20.200000 -0.500000 59.800000 -0.500000 59.800000 0.500000 20.200000 0.500000 
0 

4
-20.500000 0.300000 -19.500000 0.300000 -19.500000 19.244354 -20.500000 19.244354 
0 

4
-20.500000 40.755646 -19.500000 40.755646 -19.500000 59.700000 -20.500000 59.700000 
0 

4
19.500000 -59.700000 20.500000 -59.700000 20.500000 -39.702068 19.500000 -39.702068 
0 

4
19.500000 -20.297932 20.500000 -20.297932 20.500000 -0.300000 19.500000 -0.300000 
0 

4
-19.800000 -0.500000 -7.846533 -0.500000 -7.846533 0.500000 -19.800000 0.500000 
0 

4
7.846533 -0.500000 19.800000 -0.500000 19.800000 0.500000 7.846533 0.500000 
0 

4
19.500000 0.300000 20.500000 0.300000 20.500000 20.546123 19.500000 20.546123 
0 

4
19.500000 39.453877 20.500000 39.453877 20.500000 59.700000 19.500000 59.700000 
0 

4
-20.500000 -59.700000 -19.500000 -59.700000 -19.500000 -40.026084 -20.500000 -40.026084 
0 

4
-20.500000 -19.973916 -19.500000 -19.973916 -19.500000 -0.300000 -20.500000 -0.300000 
0 

4
-59.800000 -0.500000 -47.316869 -0.500000 -47.316869 0.500000 -59.800000 0.500000 
0 

4
-32.683131 -0.500000 -20.200000 -0.500000 -20.200000 0.500000 -32.683131 0.500000 
0 

8
-7.574479 -18.889467 -8.341264 -17.038285 -10.192445 -16.271501 -12.043626 -17.038285 -12.810411 -18.889467 -12.043626 -20.740648 -10.192445 -21.507432 -8.341264 -20.740648 
0 

7
-10.640253 11.251984 -11.390750 12.810407 -13.077101 13.195305 -14.429450 12.116843 -14.429450 10.387124 -13.077101 9.308662 -11.390750 9.693561 
0 

6
42.795965 54.534789 41.895747 56.094013 40.095310 56.094013 39.195092 54.534789 40.095310 52.975566 41.895747 52.975566 
0 

7
32.194217 51.440016 31.287334 53.323178 29.249586 53.788281 27.615439 52.485092 27.615439 50.394940 29.249586 49.091752 31.287334 49.556854 
0 

6
18.179955 50.884406 16.844283 53.197858 14.172939 53.197858 12.837267 50.884406 14.172939 48.570953 16.844283 48.570953 
0 

5
-46.500704 4.162147 -48.279165 6.609988 -51.156774 5.674996 -51.156774 2.649298 -48.279165 1.714306 
0 

8
-34.404402 2.982696 -34.814959 3.973869 -35.806132 4.384426 -36.797306 3.973869 -37.207863 2.982696 -36.797306 1.991522 -35.806132 1.580965 -34.814959 1.991522 
0 

8
-34.834626 -43.239834 -35.680866 -41.196831 -37.723870 -40.350591 -39.766873 -41.196831 -40.613113 -43.239834 -39.766873 -45.282838 -37.723870 -46.129078 -35.680866 -45.282838 
0 

5
-4.765066 -11.070424 -6.656329 -8.467324 -9.716457 -9.461619 -9.716457 -12.679228 -6.656329 -13.673524 
0 

4
-55.326402 31.079809 -57.031357 32.784764 -58.736312 31.079809 -57.031357 29.374855 
0 

4
14.377647 5.507608 12.820556 7.064699 11.263464 5.507608 12.820556 3.950516 
0 

6
-10.840805 -12.124414 -11.996594 -10.122527 -14.308174 -10.122527 -15.463963 -12.124414 -14.308174 -14.126300 -11.996594 -14.126300 
0 

7
58.644575 -22.938083 57.562380 -20.690882 55.130710 -20.135869 53.180662 -21.690981 53.180662 -24.185186 55.130710 -25.740297 57.562380 -25.185284 
0 

6
-6.148272 -31.564478 -6.927580 -30.214675 -8.486198 -30.214675 -9.265507 -31.564478 -8.486198 -32.914280 -6.927580 -32.914280 
0 

7
4.068097 20.004533 3.504692 21.174455 2.238732 21.463403 1.223511 20.653791 1.223511 19.355274 2.238732 18.545663 3.504692 18.834610 
0 

6
39.598510 -20.690326 38.119431 -18.128484 35.161271 -18.128484 33.682191 -20.690326 35.161271 -23.252167 38.119431 -23.252167 
0 

4
7.755818 -4.754462 5.646499 -2.645144 3.537181 -4.754462 5.646499 -6.863780 
0 

7
15.515405 16.422326 14.817905 17.870700 13.250637 18.228418 11.993786 17.226113 11.993786 15.618540 13.250637 14.616234 14.817905 14.973953 
0 

7
-44.600991 12.672889 -45.702249 14.959674 -48.176752 15.524464 -50.161150 13.941959 -50.161150 11.403819 -48.176752 9.821315 -45.702249 10.386104 
0 

5
-34.813218 56.779533 -36.400940 58.964846 -38.969929 58.130131 -38.969929 55.428936 -36.400940 54.594221 
0 

7
18.853913 22.171006 17.839077 24.278335 15.558762 24.798802 13.730090 23.340485 13.730090 21.001527 15.558762 19.543210 17.839077 20.063677 
0 

4
-34.671959 -53.893180 -37.102095 -51.463044 -39.532231 -53.893180 -37.102095 -56.323315 
0 

8
-34.309647 11.360979 -35.133048 13.348845 -37.120913 14.172246 -39.108779 13.348845 -39.932180 11.360979 -39.108779 9.373114 -37.120913 8.549713 -35.133048 9.373114 
0 

7
11.424700 25.356157 10.786033 26.682363 9.350962 27.009908 8.200124 26.092146 8.200124 24.620169 9.350962 23.702406 10.786033 24.029952 
0 

6
28.106041 -5.469100 27.138758 -3.793717 25.204192 -3.793717 24.236909 -5.469100 25.204192 -7.144483 27.138758 -7.144483 
0 

8
55.220511 -54.171251 54.475344 -52.372258 52.676351 -51.627091 50.877358 -52.372258 50.132191 -54.171251 50.877358 -55.970244 52.676351 -56.715411 54.475344 -55.970244 
0 

