Grid2 -60.000000 -60.000000 60.000000 60.000000 3 2
RobotInitCfg 35.943743 47.920580 1.605823
Rooms 6
2 0 4 -41.620913 -45.371379 -30.513427 -27.962956
3 1 3 4 -9.686160 -37.738379 2.065471 -21.329516
1 3 45.332187 -40.012284 56.620110 -20.126393
2 0 5 -50.972195 37.031856 -39.263463 55.328349
3 1 2 5 -14.784853 8.189035 -2.606125 26.442981
1 2 42.403812 22.163091 54.728875 40.052443
Doors 6
3 0 -46.520720 -0.500000 -33.479280 0.500000
4 1 -6.381351 -0.500000 6.381351 0.500000
5 4 19.500000 19.824996 20.500000 40.175004
2 1 19.500000 -41.357190 20.500000 -18.642810
1 0 -20.500000 -40.719876 -19.500000 -19.280124
4 3 -20.500000 21.071766 -19.500000 38.928234
Objects 4
1 52.548111 -24.026326 0.000000
5
1.772681 0.000000 0.547788 1.685920 -1.434129 1.041956 -1.434129 -1.041956 0.547788 -1.685920 
0 

0 -44.920075 46.783566 0.000000
4
2.298899 0.000000 0.000000 2.298899 -2.298899 0.000000 -0.000000 -2.298899 
0 

2 -0.885107 -27.047032 0.000000
7
2.095603 0.000000 1.306587 1.638408 -0.466315 2.043062 -1.888073 0.909248 -1.888073 -0.909248 -0.466315 -2.043062 1.306587 -1.638408 
0 

5 -7.538673 13.143836 0.000000
8
2.173590 0.000000 1.536960 1.536960 0.000000 2.173590 -1.536960 1.536960 -2.173590 0.000000 -1.536960 -1.536960 -0.000000 -2.173590 1.536960 -1.536960 
0 

Obstacles 43
4
11.518942 24.419520 9.374612 26.563850 7.230282 24.419520 9.374612 22.275190 
0 

6
43.239072 17.081510 42.480675 18.395092 40.963881 18.395092 40.205485 17.081510 40.963881 15.767928 42.480675 15.767928 
0 

4
15.298693 33.120257 12.603489 35.815461 9.908285 33.120257 12.603489 30.425053 
0 

5
-23.406877 -29.475651 -24.427757 -28.070530 -26.079575 -28.607238 -26.079575 -30.344063 -24.427757 -30.880771 
0 

4
20.200000 -0.500000 59.800000 -0.500000 59.800000 0.500000 20.200000 0.500000 
0 

4
-59.800000 -0.500000 -46.520720 -0.500000 -46.520720 0.500000 -59.800000 0.500000 
0 

4
-33.479280 -0.500000 -20.200000 -0.500000 -20.200000 0.500000 -33.479280 0.500000 
0 

4
-19.800000 -0.500000 -6.381351 -0.500000 -6.381351 0.500000 -19.800000 0.500000 
0 

4
6.381351 -0.500000 19.800000 -0.500000 19.800000 0.500000 6.381351 0.500000 
0 

4
19.500000 0.300000 20.500000 0.300000 20.500000 19.824996 19.500000 19.824996 
0 

4
19.500000 40.175004 20.500000 40.175004 20.500000 59.700000 19.500000 59.700000 
0 

4
19.500000 -59.700000 20.500000 -59.700000 20.500000 -41.357190 19.500000 -41.357190 
0 

4
19.500000 -18.642810 20.500000 -18.642810 20.500000 -0.300000 19.500000 -0.300000 
0 

4
-20.500000 -59.700000 -19.500000 -59.700000 -19.500000 -40.719876 -20.500000 -40.719876 
0 

4
-20.500000 -19.280124 -19.500000 -19.280124 -19.500000 -0.300000 -20.500000 -0.300000 
0 

4
-20.500000 0.300000 -19.500000 0.300000 -19.500000 21.071766 -20.500000 21.071766 
0 

4
-20.500000 38.928234 -19.500000 38.928234 -19.500000 59.700000 -20.500000 59.700000 
0 

7
-27.252739 -14.709587 -27.809358 -13.553755 -29.060072 -13.268287 -30.063066 -14.068149 -30.063066 -15.351026 -29.060072 -16.150888 -27.809358 -15.865420 
0 

6
58.242055 -47.006236 57.209446 -45.217704 55.144227 -45.217704 54.111618 -47.006236 55.144227 -48.794767 57.209446 -48.794767 
0 

6
28.386690 -10.066034 27.204089 -8.017709 24.838887 -8.017709 23.656286 -10.066034 24.838887 -12.114359 27.204089 -12.114359 
0 

4
8.664369 46.214412 5.877478 49.001303 3.090586 46.214412 5.877478 43.427520 
0 

5
-41.326141 29.485324 -43.125567 31.962021 -46.037099 31.016007 -46.037099 27.954641 -43.125567 27.008627 
0 

5
-5.361047 -51.696307 -6.942133 -49.520130 -9.500383 -50.351356 -9.500383 -53.041259 -6.942133 -53.872485 
0 

7
7.405244 -54.496533 6.621289 -52.868634 4.859758 -52.466576 3.447121 -53.593118 3.447121 -55.399949 4.859758 -56.526491 6.621289 -56.124433 
0 

6
16.169202 -22.910953 15.425386 -21.622626 13.937755 -21.622626 13.193939 -22.910953 13.937755 -24.199280 15.425386 -24.199280 
0 

4
-50.789026 -34.572258 -53.674856 -31.686428 -56.560685 -34.572258 -53.674856 -37.458087 
0 

6
42.815378 -48.815285 41.754778 -46.978271 39.633576 -46.978271 38.572976 -48.815285 39.633576 -50.652300 41.754778 -50.652300 
0 

6
15.064128 -10.611284 14.081583 -8.909466 12.116492 -8.909466 11.133947 -10.611284 12.116492 -12.313102 14.081583 -12.313102 
0 

4
-23.223008 54.585408 -25.223167 56.585567 -27.223326 54.585408 -25.223167 52.585249 
0 

5
32.036801 -35.785301 30.264649 -33.346144 27.397248 -34.277819 27.397248 -37.292783 30.264649 -38.224458 
0 

8
-5.540244 49.094544 -6.196880 50.679804 -7.782140 51.336440 -9.367400 50.679804 -10.024036 49.094544 -9.367400 47.509284 -7.782140 46.852648 -6.196880 47.509284 
0 

6
-2.074428 -10.985184 -2.988493 -9.401977 -4.816624 -9.401977 -5.730689 -10.985184 -4.816624 -12.568391 -2.988493 -12.568391 
0 

8
11.963402 40.994504 11.537074 42.023750 10.507829 42.450078 9.478583 42.023750 9.052255 40.994504 9.478583 39.965259 10.507829 39.538931 11.537074 39.965259 
0 

5
29.270220 22.849681 27.700132 25.010723 25.159675 24.185278 25.159675 21.514084 27.700132 20.688640 
0 

8
-41.300017 21.331528 -41.804023 22.548306 -43.020801 23.052312 -44.237579 22.548306 -44.741585 21.331528 -44.237579 20.114750 -43.020801 19.610744 -41.804023 20.114750 
0 

7
-29.548357 -52.447031 -30.337137 -50.809113 -32.109510 -50.404580 -33.530842 -51.538055 -33.530842 -53.356008 -32.109510 -54.489483 -30.337137 -54.084950 
0 

6
48.068003 50.876566 47.254241 52.286044 45.626716 52.286044 44.812954 50.876566 45.626716 49.467088 47.254241 49.467088 
0 

5
-22.481645 -21.176230 -24.291564 -18.685091 -27.220074 -19.636621 -27.220074 -22.715839 -24.291564 -23.667369 
0 

8
-31.003849 23.060555 -31.752417 24.867757 -33.559619 25.616325 -35.366821 24.867757 -36.115389 23.060555 -35.366821 21.253353 -33.559619 20.504785 -31.752417 21.253353 
0 

6
-1.014649 -3.222007 -2.250674 -1.081149 -4.722723 -1.081149 -5.958748 -3.222007 -4.722723 -5.362864 -2.250674 -5.362864 
0 

8
-38.565141 15.228079 -39.192945 16.743732 -40.708598 17.371537 -42.224252 16.743732 -42.852056 15.228079 -42.224252 13.712425 -40.708598 13.084621 -39.192945 13.712425 
0 

4
13.315946 -46.784962 10.986490 -44.455506 8.657034 -46.784962 10.986490 -49.114418 
0 

4
7.563497 -17.374035 5.862406 -15.672944 4.161315 -17.374035 5.862406 -19.075126 
0 

