Grid2 -60.000000 -60.000000 60.000000 60.000000 3 2
RobotInitCfg 43.861937 -46.505696 2.972810
Rooms 6
2 1 2 -34.793924 -52.265837 -23.941944 -32.791251
3 2 3 4 -16.943998 -55.445079 -5.069268 -36.758937
1 4 28.812073 -19.809382 41.092905 -3.082778
2 1 5 -45.718633 35.507863 -34.513840 53.414079
3 0 3 5 3.409312 5.210687 15.557021 24.127670
1 0 30.857034 30.330795 44.069497 47.725385
Doors 6
5 4 19.500000 18.595174 20.500000 41.404826
3 0 -47.450383 -0.500000 -32.549617 0.500000
1 0 -20.500000 -40.908113 -19.500000 -19.091887
4 1 -7.101550 -0.500000 7.101550 0.500000
2 1 19.500000 -39.221757 20.500000 -20.778243
4 3 -20.500000 18.679656 -19.500000 41.320344
Objects 4
1 33.271823 -12.972384 0.000000
5
2.049718 0.000000 0.633398 1.949398 -1.658257 1.204794 -1.658257 -1.204794 0.633398 -1.949398 
0 

5 -12.441322 -46.247645 0.000000
4
2.316154 0.000000 0.000000 2.316154 -2.316154 0.000000 -0.000000 -2.316154 
0 

0 -39.882735 40.949966 0.000000
4
2.107791 0.000000 0.000000 2.107791 -2.107791 0.000000 -0.000000 -2.107791 
0 

4 37.721979 34.888928 0.000000
7
2.398675 0.000000 1.495550 1.875360 -0.533755 2.338535 -2.161132 1.040746 -2.161132 -1.040746 -0.533755 -2.338535 1.495550 -1.875360 
0 

Obstacles 43
5
-34.511180 26.909222 -35.918052 28.845616 -38.194420 28.105979 -38.194420 25.712464 -35.918052 24.972828 
0 

4
50.422867 31.666203 47.878318 34.210752 45.333768 31.666203 47.878318 29.121653 
0 

6
5.728669 -6.013801 4.635358 -4.120131 2.448736 -4.120131 1.355426 -6.013801 2.448736 -7.907471 4.635358 -7.907471 
0 

5
-35.902385 -5.647416 -37.910827 -2.883033 -41.160555 -3.938933 -41.160555 -7.355899 -37.910827 -8.411800 
0 

4
20.200000 -0.500000 59.800000 -0.500000 59.800000 0.500000 20.200000 0.500000 
0 

4
19.500000 0.300000 20.500000 0.300000 20.500000 18.595174 19.500000 18.595174 
0 

4
19.500000 41.404826 20.500000 41.404826 20.500000 59.700000 19.500000 59.700000 
0 

4
-59.800000 -0.500000 -47.450383 -0.500000 -47.450383 0.500000 -59.800000 0.500000 
0 

4
-32.549617 -0.500000 -20.200000 -0.500000 -20.200000 0.500000 -32.549617 0.500000 
0 

4
-20.500000 -59.700000 -19.500000 -59.700000 -19.500000 -40.908113 -20.500000 -40.908113 
0 

4
-20.500000 -19.091887 -19.500000 -19.091887 -19.500000 -0.300000 -20.500000 -0.300000 
0 

4
-19.800000 -0.500000 -7.101550 -0.500000 -7.101550 0.500000 -19.800000 0.500000 
0 

4
7.101550 -0.500000 19.800000 -0.500000 19.800000 0.500000 7.101550 0.500000 
0 

4
19.500000 -59.700000 20.500000 -59.700000 20.500000 -39.221757 19.500000 -39.221757 
0 

4
19.500000 -20.778243 20.500000 -20.778243 20.500000 -0.300000 19.500000 -0.300000 
0 

4
-20.500000 0.300000 -19.500000 0.300000 -19.500000 18.679656 -20.500000 18.679656 
0 

4
-20.500000 41.320344 -19.500000 41.320344 -19.500000 59.700000 -20.500000 59.700000 
0 

8
-43.671537 28.220050 -44.121478 29.306305 -45.207733 29.756246 -46.293988 29.306305 -46.743929 28.220050 -46.293988 27.133795 -45.207733 26.683854 -44.121478 27.133795 
0 

8
-21.743360 -10.423876 -22.179360 -9.371277 -23.231959 -8.935277 -24.284558 -9.371277 -24.720559 -10.423876 -24.284558 -11.476475 -23.231959 -11.912475 -22.179360 -11.476475 
0 

6
-39.047762 -41.907147 -39.767119 -40.661184 -41.205833 -40.661184 -41.925190 -41.907147 -41.205833 -43.153110 -39.767119 -43.153110 
0 

7
-51.549019 -48.161991 -52.538736 -46.106822 -54.762610 -45.599237 -56.546018 -47.021458 -56.546018 -49.302523 -54.762610 -50.724744 -52.538736 -50.217159 
0 

7
46.272996 21.046551 45.705079 22.225843 44.428981 22.517104 43.405630 21.701009 43.405630 20.392093 44.428981 19.575998 45.705079 19.867259 
0 

8
-38.607280 29.842473 -39.061585 30.939262 -40.158375 31.393568 -41.255165 30.939262 -41.709470 29.842473 -41.255165 28.745683 -40.158375 28.291377 -39.061585 28.745683 
0 

7
57.522047 -34.779525 56.721525 -33.117223 54.922768 -32.706668 53.480276 -33.857017 53.480276 -35.702033 54.922768 -36.852381 56.721525 -36.441827 
0 

7
53.487402 -7.019408 52.675343 -5.333151 50.850665 -4.916680 49.387386 -6.083606 49.387386 -7.955210 50.850665 -9.122135 52.675343 -8.705664 
0 

4
3.991262 -36.472770 1.111618 -33.593127 -1.768025 -36.472770 1.111618 -39.352414 
0 

7
-10.509626 -5.412420 -11.196199 -3.986738 -12.738913 -3.634623 -13.976074 -4.621226 -13.976074 -6.203614 -12.738913 -7.190217 -11.196199 -6.838103 
0 

7
5.207156 28.255639 4.294475 30.150841 2.243699 30.618918 0.599104 29.307397 0.599104 27.203881 2.243699 25.892361 4.294475 26.360437 
0 

6
-27.537295 -29.130352 -28.247449 -27.900330 -29.667756 -27.900330 -30.377909 -29.130352 -29.667756 -30.360374 -28.247449 -30.360374 
0 

5
18.757250 38.992331 16.790391 41.699481 13.607945 40.665442 13.607945 37.319220 16.790391 36.285181 
0 

4
12.297679 34.244681 10.751492 35.790867 9.205306 34.244681 10.751492 32.698495 
0 

5
-22.451167 7.589548 -24.373019 10.234751 -27.482641 9.224373 -27.482641 5.954723 -24.373019 4.944346 
0 

5
-37.654263 -47.755030 -39.059234 -45.821254 -41.332523 -46.559891 -41.332523 -48.950169 -39.059234 -49.688805 
0 

8
28.365773 53.142328 27.858740 54.366412 26.634656 54.873445 25.410571 54.366412 24.903539 53.142328 25.410571 51.918243 26.634656 51.411211 27.858740 51.918243 
0 

5
58.733981 -44.107239 57.029841 -41.761691 54.272484 -42.657610 54.272484 -45.556867 57.029841 -46.452786 
0 

7
-52.186034 34.764407 -53.299474 37.076490 -55.801353 37.647527 -57.807703 36.047516 -57.807703 33.481297 -55.801353 31.881286 -53.299474 32.452323 
0 

7
-21.999054 43.505967 -23.044147 45.676125 -25.392450 46.212110 -27.275643 44.710314 -27.275643 42.301620 -25.392450 40.799824 -23.044147 41.335809 
0 

6
-0.634551 45.745732 -1.495000 47.236073 -3.215897 47.236073 -4.076346 45.745732 -3.215897 44.255390 -1.495000 44.255390 
0 

7
-6.315552 45.396501 -7.292274 47.424686 -9.486950 47.925607 -11.246944 46.522059 -11.246944 44.270943 -9.486950 42.867395 -7.292274 43.368316 
0 

8
-36.123460 -34.776910 -36.594070 -33.640759 -37.730221 -33.170150 -38.866372 -33.640759 -39.336981 -34.776910 -38.866372 -35.913061 -37.730221 -36.383670 -36.594070 -35.913061 
0 

5
-21.007648 33.304705 -22.666890 35.588456 -25.351601 34.716141 -25.351601 31.893269 -22.666890 31.020953 
0 

8
-28.524318 7.844774 -29.119438 9.281521 -30.556185 9.876641 -31.992932 9.281521 -32.588052 7.844774 -31.992932 6.408027 -30.556185 5.812907 -29.119438 6.408027 
0 

5
48.535761 -38.676786 47.195972 -36.832725 45.028148 -37.537093 45.028148 -39.816478 47.195972 -40.520847 
0 

