Grid2 -60.000000 -60.000000 60.000000 60.000000 2 2
RobotInitCfg 28.409494 -46.984092 -1.021677
Rooms 4
2 1 2 -19.432876 -34.336809 -3.109597 -12.973363
2 1 3 5.339270 -56.143281 25.256985 -38.719778
2 0 2 -37.457592 31.504632 -21.171111 47.706135
2 0 3 29.870603 21.670672 48.241703 38.158671
Doors 4
3 2 -0.500000 19.396974 0.500000 40.603026
1 0 -0.500000 -35.639498 0.500000 -24.360502
2 0 -36.790039 -0.500000 -23.209961 0.500000
3 1 19.422892 -0.500000 40.577108 0.500000
Objects 2
0 43.755374 31.800486 0.000000
5
2.245750 0.000000 0.693975 2.135835 -1.816850 1.320019 -1.816850 -1.320019 0.693975 -2.135835 
0 

1 -11.078233 -27.900242 0.000000
4
3.791466 0.000000 0.000000 3.791466 -3.791466 0.000000 -0.000000 -3.791466 
0 

Obstacles 38
7
29.382037 4.364568 28.277364 6.658445 25.795186 7.224986 23.804633 5.637574 23.804633 3.091562 25.795186 1.504149 28.277364 2.070690 
0 

4
-33.570171 -50.844180 -36.846203 -47.568148 -40.122235 -50.844180 -36.846203 -54.120212 
0 

6
-7.875279 10.204401 -9.804087 13.545194 -13.661702 13.545194 -15.590510 10.204401 -13.661702 6.863608 -9.804087 6.863608 
0 

4
-52.792815 44.323124 -55.567980 47.098288 -58.343144 44.323124 -55.567980 41.547960 
0 

4
-0.500000 0.300000 0.500000 0.300000 0.500000 19.396974 -0.500000 19.396974 
0 

4
-0.500000 40.603026 0.500000 40.603026 0.500000 59.700000 -0.500000 59.700000 
0 

4
-0.500000 -59.700000 0.500000 -59.700000 0.500000 -35.639498 -0.500000 -35.639498 
0 

4
-0.500000 -24.360502 0.500000 -24.360502 0.500000 -0.300000 -0.500000 -0.300000 
0 

4
-59.700000 -0.500000 -36.790039 -0.500000 -36.790039 0.500000 -59.700000 0.500000 
0 

4
-23.209961 -0.500000 -0.300000 -0.500000 -0.300000 0.500000 -23.209961 0.500000 
0 

4
0.300000 -0.500000 19.422892 -0.500000 19.422892 0.500000 0.300000 0.500000 
0 

4
40.577108 -0.500000 59.700000 -0.500000 59.700000 0.500000 40.577108 0.500000 
0 

4
-21.879342 21.646753 -26.266333 26.033744 -30.653324 21.646753 -26.266333 17.259762 
0 

5
58.448864 11.792058 55.655398 15.636935 51.135475 14.168323 51.135475 9.415794 55.655398 7.947182 
0 

5
24.475441 52.278545 22.786752 54.602826 20.054396 53.715029 20.054396 50.842060 22.786752 49.954264 
0 

4
49.787704 -8.446001 45.865804 -4.524100 41.943904 -8.446001 45.865804 -12.367901 
0 

8
55.074773 50.217008 53.923406 52.996655 51.143759 54.148022 48.364113 52.996655 47.212746 50.217008 48.364113 47.437362 51.143759 46.285995 53.923406 47.437362 
0 

7
-49.477694 -30.043951 -50.911432 -27.066763 -54.133014 -26.331458 -56.716521 -28.391736 -56.716521 -31.696167 -54.133014 -33.756445 -50.911432 -33.021140 
0 

4
40.432358 -28.453955 35.943879 -23.965477 31.455401 -28.453955 35.943879 -32.942434 
0 

8
-48.997022 28.680271 -50.222279 31.638304 -53.180312 32.863561 -56.138345 31.638304 -57.363602 28.680271 -56.138345 25.722239 -53.180312 24.496982 -50.222279 25.722239 
0 

5
19.894147 -32.134991 17.011286 -28.167073 12.346719 -29.682683 12.346719 -34.587299 17.011286 -36.102908 
0 

5
26.381934 27.695872 23.736695 31.336731 19.456609 29.946046 19.456609 25.445697 23.736695 24.055013 
0 

4
-36.202738 24.189208 -39.331636 27.318106 -42.460534 24.189208 -39.331636 21.060309 
0 

5
-34.705734 -34.258515 -37.731624 -30.093734 -42.627617 -31.684539 -42.627617 -36.832491 -37.731624 -38.423295 
0 

8
58.148990 -42.717495 57.190343 -40.403117 54.875965 -39.444470 52.561586 -40.403117 51.602939 -42.717495 52.561586 -45.031873 54.875965 -45.990520 57.190343 -45.031873 
0 

6
-21.539182 -38.014235 -22.770790 -35.881026 -25.234007 -35.881026 -26.465616 -38.014235 -25.234007 -40.147443 -22.770790 -40.147443 
0 

4
10.153001 29.890437 6.103150 33.940288 2.053299 29.890437 6.103150 25.840586 
0 

5
-24.619141 -54.460390 -27.680442 -50.246871 -32.633730 -51.856292 -32.633730 -57.064488 -27.680442 -58.673909 
0 

7
-11.695916 30.489842 -13.326151 33.875059 -16.989255 34.711138 -19.926836 32.368496 -19.926836 28.611188 -16.989255 26.268546 -13.326151 27.104625 
0 

4
-44.141104 39.192812 -48.620393 43.672100 -53.099681 39.192812 -48.620393 34.713523 
0 

4
18.278027 24.937965 14.469516 28.746477 10.661004 24.937965 14.469516 21.129453 
0 

7
-36.774964 -19.609347 -38.405577 -16.223344 -42.069532 -15.387071 -45.007795 -17.730257 -45.007795 -21.488437 -42.069532 -23.831623 -38.405577 -22.995350 
0 

7
-17.485968 -5.464230 -18.522406 -3.312044 -20.851261 -2.780498 -22.718858 -4.269857 -22.718858 -6.658603 -20.851261 -8.147962 -18.522406 -7.616416 
0 

4
47.864232 -26.471850 44.582060 -23.189678 41.299888 -26.471850 44.582060 -29.754022 
0 

7
53.758011 4.511047 52.641593 6.829313 50.133023 7.401878 48.121307 5.797588 48.121307 3.224506 50.133023 1.620215 52.641593 2.192780 
0 

7
14.153322 47.131539 12.639440 50.275148 9.237776 51.051556 6.509854 48.876110 6.509854 45.386967 9.237776 43.211521 12.639440 43.987929 
0 

4
32.790207 45.255077 28.918186 49.127098 25.046165 45.255077 28.918186 41.383056 
0 

6
13.187218 -22.121414 11.120051 -18.540976 6.985717 -18.540976 4.918550 -22.121414 6.985717 -25.701853 11.120051 -25.701853 
0 

