Grid2 -60.000000 -60.000000 60.000000 60.000000 3 3
RobotInitCfg 9.293373 -26.095244 -0.402658
Rooms 9
1 4 -40.455186 -50.608274 -28.928451 -38.174074
1 6 -7.878901 -39.097593 3.747544 -27.128453
2 2 6 23.310008 -38.727245 34.254124 -24.921976
3 4 7 8 -55.088370 -10.494816 -42.569803 2.546749
3 0 3 7 4.012347 -2.908114 14.881826 10.556165
3 2 3 5 29.804081 -2.638901 42.977722 8.217468
2 1 8 -42.403299 33.297693 -29.260074 45.230632
2 0 1 2.248973 38.021781 14.827036 50.994602
1 5 22.235940 28.633371 33.242960 41.526510
Doors 9
7 4 -6.525176 19.500000 6.525176 20.500000
7 6 -20.500000 32.464488 -19.500000 47.535512
5 2 32.638739 -20.500000 47.361261 -19.500000
5 4 19.500000 -7.391605 20.500000 7.391605
3 0 -46.224728 -20.500000 -33.775272 -19.500000
8 5 32.727150 19.500000 47.272850 20.500000
2 1 19.500000 -46.954973 20.500000 -33.045027
4 3 -20.500000 -6.123593 -19.500000 6.123593
6 3 -46.493212 19.500000 -33.506788 20.500000
Objects 6
3 29.352109 37.241403 0.000000
8
2.099352 0.000000 1.484466 1.484466 0.000000 2.099352 -1.484466 1.484466 -2.099352 0.000000 -1.484466 -1.484466 -0.000000 -2.099352 1.484466 -1.484466 
0 

8 11.466892 5.634418 0.000000
8
1.665079 0.000000 1.177388 1.177388 0.000000 1.665079 -1.177388 1.177388 -1.665079 0.000000 -1.177388 -1.177388 -0.000000 -1.665079 1.177388 -1.177388 
0 

0 27.618498 -27.251493 0.000000
7
1.881069 0.000000 1.172827 1.470679 -0.418577 1.833907 -1.694785 0.816165 -1.694785 -0.816165 -0.418577 -1.833907 1.172827 -1.470679 
0 

1 -33.950777 -47.589969 0.000000
7
2.275909 0.000000 1.419006 1.779377 -0.506437 2.218847 -2.050523 0.987480 -2.050523 -0.987480 -0.506437 -2.218847 1.419006 -1.779377 
0 

4 37.257235 0.796069 0.000000
8
1.669530 0.000000 1.180536 1.180536 0.000000 1.669530 -1.180536 1.180536 -1.669530 0.000000 -1.180536 -1.180536 -0.000000 -1.669530 1.180536 -1.180536 
0 

5 -3.687064 -32.936738 0.000000
5
1.908985 0.000000 0.589909 1.815553 -1.544401 1.122073 -1.544401 -1.122073 0.589909 -1.815553 
0 

Obstacles 66
8
27.440820 -52.493911 26.938014 -51.280030 25.724134 -50.777224 24.510253 -51.280030 24.007447 -52.493911 24.510253 -53.707792 25.724134 -54.210598 26.938014 -53.707792 
0 

8
-45.929195 -32.979584 -46.559356 -31.458241 -48.080698 -30.828080 -49.602041 -31.458241 -50.232202 -32.979584 -49.602041 -34.500927 -48.080698 -35.131087 -46.559356 -34.500927 
0 

5
56.256354 -43.155113 54.279740 -40.434538 51.081512 -41.473705 51.081512 -44.836522 54.279740 -45.875689 
0 

7
48.978013 27.104155 48.399418 28.305621 47.099326 28.602359 46.056733 27.770919 46.056733 26.437392 47.099326 25.605952 48.399418 25.902690 
0 

4
19.500000 20.200000 20.500000 20.200000 20.500000 59.800000 19.500000 59.800000 
0 

4
-19.800000 -20.500000 19.800000 -20.500000 19.800000 -19.500000 -19.800000 -19.500000 
0 

4
-20.500000 -59.800000 -19.500000 -59.800000 -19.500000 -20.200000 -20.500000 -20.200000 
0 

4
-19.800000 19.500000 -6.525176 19.500000 -6.525176 20.500000 -19.800000 20.500000 
0 

4
6.525176 19.500000 19.800000 19.500000 19.800000 20.500000 6.525176 20.500000 
0 

4
-20.500000 20.200000 -19.500000 20.200000 -19.500000 32.464488 -20.500000 32.464488 
0 

4
-20.500000 47.535512 -19.500000 47.535512 -19.500000 59.800000 -20.500000 59.800000 
0 

4
20.200000 -20.500000 32.638739 -20.500000 32.638739 -19.500000 20.200000 -19.500000 
0 

4
47.361261 -20.500000 59.800000 -20.500000 59.800000 -19.500000 47.361261 -19.500000 
0 

4
19.500000 -19.800000 20.500000 -19.800000 20.500000 -7.391605 19.500000 -7.391605 
0 

4
19.500000 7.391605 20.500000 7.391605 20.500000 19.800000 19.500000 19.800000 
0 

4
-59.800000 -20.500000 -46.224728 -20.500000 -46.224728 -19.500000 -59.800000 -19.500000 
0 

4
-33.775272 -20.500000 -20.200000 -20.500000 -20.200000 -19.500000 -33.775272 -19.500000 
0 

4
20.200000 19.500000 32.727150 19.500000 32.727150 20.500000 20.200000 20.500000 
0 

4
47.272850 19.500000 59.800000 19.500000 59.800000 20.500000 47.272850 20.500000 
0 

4
19.500000 -59.800000 20.500000 -59.800000 20.500000 -46.954973 19.500000 -46.954973 
0 

4
19.500000 -33.045027 20.500000 -33.045027 20.500000 -20.200000 19.500000 -20.200000 
0 

4
-20.500000 -19.800000 -19.500000 -19.800000 -19.500000 -6.123593 -20.500000 -6.123593 
0 

4
-20.500000 6.123593 -19.500000 6.123593 -19.500000 19.800000 -20.500000 19.800000 
0 

4
-59.800000 19.500000 -46.493212 19.500000 -46.493212 20.500000 -59.800000 20.500000 
0 

4
-33.506788 19.500000 -20.200000 19.500000 -20.200000 20.500000 -33.506788 20.500000 
0 

5
-26.337274 53.456796 -28.054030 55.819707 -30.831798 54.917155 -30.831798 51.996437 -28.054030 51.093885 
0 

7
47.405433 -25.058372 46.289840 -22.741819 43.783126 -22.169678 41.772897 -23.772782 41.772897 -26.343962 43.783126 -27.947066 46.289840 -27.374925 
0 

7
47.487526 31.936206 46.880054 33.197634 45.515077 33.509181 44.420450 32.636246 44.420450 31.236166 45.515077 30.363230 46.880054 30.674777 
0 

5
37.284955 48.912216 36.209663 50.392229 34.469803 49.826914 34.469803 47.997517 36.209663 47.432203 
0 

6
-45.629293 47.209513 -46.748258 49.147616 -48.986187 49.147616 -50.105152 47.209513 -48.986187 45.271409 -46.748258 45.271409 
0 

6
-4.733262 -12.695644 -5.845505 -10.769183 -8.069990 -10.769183 -9.182232 -12.695644 -8.069990 -14.622104 -5.845505 -14.622104 
0 

6
-35.186625 -33.933307 -35.989293 -32.543045 -37.594630 -32.543045 -38.397299 -33.933307 -37.594630 -35.323570 -35.989293 -35.323570 
0 

5
-43.918949 -46.735088 -45.525875 -44.523344 -48.125937 -45.368155 -48.125937 -48.102022 -45.525875 -48.946833 
0 

8
10.352930 56.421297 9.627038 58.173755 7.874581 58.899646 6.122123 58.173755 5.396231 56.421297 6.122123 54.668840 7.874581 53.942948 9.627038 54.668840 
0 

5
47.722841 38.671503 46.183845 40.789751 43.693695 39.980652 43.693695 37.362355 46.183845 36.553256 
0 

5
-52.943148 7.076332 -54.976119 9.874476 -58.265535 8.805680 -58.265535 5.346984 -54.976119 4.278188 
0 

8
48.708584 -3.168926 48.048240 -1.574716 46.454030 -0.914372 44.859820 -1.574716 44.199476 -3.168926 44.859820 -4.763136 46.454030 -5.423480 48.048240 -4.763136 
0 

6
-12.821487 50.969402 -14.162494 53.292095 -16.844510 53.292095 -18.185517 50.969402 -16.844510 48.646708 -14.162494 48.646708 
0 

8
-54.153464 -15.895327 -54.786151 -14.367887 -56.313590 -13.735201 -57.841030 -14.367887 -58.473716 -15.895327 -57.841030 -17.422767 -56.313590 -18.055453 -54.786151 -17.422767 
0 

4
41.156880 41.805451 38.536333 44.425998 35.915786 41.805451 38.536333 39.184904 
0 

7
-45.199283 38.378961 -45.913095 39.861208 -47.517018 40.227293 -48.803263 39.201546 -48.803263 37.556376 -47.517018 36.530629 -45.913095 36.896714 
0 

7
49.233829 -41.362296 48.602143 -40.050587 47.182758 -39.726622 46.044499 -40.634353 46.044499 -42.090240 47.182758 -42.997971 48.602143 -42.674006 
0 

4
-0.336177 52.641082 -2.128431 54.433337 -3.920686 52.641082 -2.128431 50.848827 
0 

6
44.692971 -12.291845 43.663459 -10.508678 41.604435 -10.508678 40.574922 -12.291845 41.604435 -14.075013 43.663459 -14.075013 
0 

8
-28.291438 -28.893353 -28.884808 -27.460831 -30.317330 -26.867461 -31.749851 -27.460831 -32.343221 -28.893353 -31.749851 -30.325874 -30.317330 -30.919244 -28.884808 -30.325874 
0 

6
44.500542 -52.565171 43.726380 -51.224285 42.178058 -51.224285 41.403896 -52.565171 42.178058 -53.906058 43.726380 -53.906058 
0 

8
57.185866 -10.904289 56.434829 -9.091127 54.621668 -8.340091 52.808506 -9.091127 52.057470 -10.904289 52.808506 -12.717451 54.621668 -13.468487 56.434829 -12.717451 
0 

4
-6.251981 -7.819685 -8.116085 -5.955582 -9.980188 -7.819685 -8.116085 -9.683788 
0 

6
9.602023 -49.464821 8.346778 -47.290673 5.836288 -47.290673 4.581043 -49.464821 5.836288 -51.638970 8.346778 -51.638970 
0 

7
51.535804 46.583668 50.760561 48.193478 49.018604 48.591068 47.621664 47.477045 47.621664 45.690291 49.018604 44.576269 50.760561 44.973859 
0 

7
0.263771 -45.914864 -0.743560 -43.823121 -3.007011 -43.306503 -4.822158 -44.754034 -4.822158 -47.075695 -3.007011 -48.523226 -0.743560 -48.006608 
0 

5
18.214353 -56.834433 16.650244 -54.681622 14.119464 -55.503922 14.119464 -58.164943 16.650244 -58.987243 
0 

7
-29.554513 -1.342075 -30.308559 0.223717 -32.002885 0.610436 -33.361629 -0.473126 -33.361629 -2.211025 -32.002885 -3.294587 -30.308559 -2.907868 
0 

7
39.753991 -50.427576 38.944878 -48.747435 37.126817 -48.332475 35.668845 -49.495168 35.668845 -51.359984 37.126817 -52.522678 38.944878 -52.107717 
0 

5
-33.249838 52.971181 -35.287125 55.775267 -38.583526 54.704201 -38.583526 51.238161 -35.287125 50.167095 
0 

6
13.391754 -10.754436 12.145114 -8.595193 9.651836 -8.595193 8.405196 -10.754436 9.651836 -12.913679 12.145114 -12.913679 
0 

5
-38.659297 -55.101486 -40.249484 -52.912781 -42.822462 -53.748792 -42.822462 -56.454180 -40.249484 -57.290191 
0 

7
-35.565450 8.333057 -36.535362 10.347101 -38.714736 10.844528 -40.462458 9.450767 -40.462458 7.215347 -38.714736 5.821585 -36.535362 6.319013 
0 

5
-12.175172 32.614895 -13.466849 34.392737 -15.556827 33.713662 -15.556827 31.516129 -13.466849 30.837054 
0 

7
-10.135747 11.982108 -10.695003 13.143416 -11.951641 13.430235 -12.959385 12.626585 -12.959385 11.337631 -11.951641 10.533982 -10.695003 10.820801 
0 

8
-43.101911 31.014766 -43.595440 32.206250 -44.786925 32.699779 -45.978409 32.206250 -46.471938 31.014766 -45.978409 29.823281 -44.786925 29.329752 -43.595440 29.823281 
0 

5
48.710771 52.007967 47.401913 53.809456 45.284136 53.121349 45.284136 50.894586 47.401913 50.206479 
0 

5
-9.484657 5.773480 -10.962045 7.806930 -13.352509 7.030222 -13.352509 4.516739 -10.962045 3.740031 
0 

7
0.648373 28.404500 -0.097409 29.953134 -1.773168 30.335615 -3.117022 29.263927 -3.117022 27.545073 -1.773168 26.473385 -0.097409 26.855866 
0 

4
-22.691671 -15.814166 -24.365700 -14.140137 -26.039729 -15.814166 -24.365700 -17.488195 
0 

4
29.237933 -45.703039 26.249885 -42.714991 23.261837 -45.703039 26.249885 -48.691087 
0 

