Grid2 -60.000000 -60.000000 60.000000 60.000000 3 3
RobotInitCfg 36.482074 -42.630709 -2.362105
Rooms 9
2 7 8 -41.703652 -41.560996 -30.163914 -27.489033
3 5 6 7 1.270110 -42.168135 12.303875 -27.789258
1 6 35.591419 -38.794232 49.256808 -24.511749
2 2 8 -57.904700 -2.731937 -44.812574 10.574498
2 3 5 -13.811690 -8.610575 -2.160983 3.048071
2 1 3 24.664959 2.672956 36.468372 14.971502
2 0 2 -47.197701 23.346923 -35.035632 37.693713
2 0 4 -7.190093 24.434255 6.828123 35.952602
2 1 4 43.066193 26.269914 54.256503 37.638729
Doors 9
7 6 -20.500000 33.052089 -19.500000 46.947911
8 5 33.654994 19.500000 46.345006 20.500000
6 3 -47.505393 19.500000 -32.494607 20.500000
5 4 19.500000 -6.624345 20.500000 6.624345
8 7 19.500000 33.857332 20.500000 46.142668
4 1 -6.409799 -20.500000 6.409799 -19.500000
2 1 19.500000 -46.773034 20.500000 -33.226966
1 0 -20.500000 -46.280909 -19.500000 -33.719091
3 0 -46.077971 -20.500000 -33.922029 -19.500000
Objects 5
6 9.165927 -37.866428 0.000000
5
1.938705 0.000000 0.599093 1.843818 -1.568445 1.139542 -1.568445 -1.139542 0.599093 -1.843818 
0 

0 33.460701 8.407852 0.000000
4
2.264238 0.000000 0.000000 2.264238 -2.264238 0.000000 -0.000000 -2.264238 
0 

2 51.239214 30.794598 0.000000
6
1.717611 0.000000 0.858806 1.487495 -0.858806 1.487495 -1.717611 0.000000 -0.858806 -1.487495 0.858806 -1.487495 
0 

3 40.156378 -28.411412 0.000000
8
2.693822 0.000000 1.904820 1.904820 0.000000 2.693822 -1.904820 1.904820 -2.693822 0.000000 -1.904820 -1.904820 -0.000000 -2.693822 1.904820 -1.904820 
0 

1 -37.836929 33.696334 0.000000
8
2.237334 0.000000 1.582034 1.582034 0.000000 2.237334 -1.582034 1.582034 -2.237334 0.000000 -1.582034 -1.582034 -0.000000 -2.237334 1.582034 -1.582034 
0 

Obstacles 51
5
44.493785 0.565622 42.877848 2.789769 40.263206 1.940220 40.263206 -0.808977 42.877848 -1.658526 
0 

4
-41.143605 -47.407795 -43.500221 -45.051179 -45.856838 -47.407795 -43.500221 -49.764411 
0 

8
-10.658667 -47.259201 -11.436375 -45.381650 -13.313926 -44.603942 -15.191478 -45.381650 -15.969185 -47.259201 -15.191478 -49.136753 -13.313926 -49.914460 -11.436375 -49.136753 
0 

8
-51.165895 50.516291 -51.883760 52.249371 -53.616840 52.967236 -55.349921 52.249371 -56.067786 50.516291 -55.349921 48.783211 -53.616840 48.065345 -51.883760 48.783211 
0 

4
-19.800000 19.500000 19.800000 19.500000 19.800000 20.500000 -19.800000 20.500000 
0 

4
-20.500000 -19.800000 -19.500000 -19.800000 -19.500000 19.800000 -20.500000 19.800000 
0 

4
20.200000 -20.500000 59.800000 -20.500000 59.800000 -19.500000 20.200000 -19.500000 
0 

4
-20.500000 20.200000 -19.500000 20.200000 -19.500000 33.052089 -20.500000 33.052089 
0 

4
-20.500000 46.947911 -19.500000 46.947911 -19.500000 59.800000 -20.500000 59.800000 
0 

4
20.200000 19.500000 33.654994 19.500000 33.654994 20.500000 20.200000 20.500000 
0 

4
46.345006 19.500000 59.800000 19.500000 59.800000 20.500000 46.345006 20.500000 
0 

4
-59.800000 19.500000 -47.505393 19.500000 -47.505393 20.500000 -59.800000 20.500000 
0 

4
-32.494607 19.500000 -20.200000 19.500000 -20.200000 20.500000 -32.494607 20.500000 
0 

4
19.500000 -19.800000 20.500000 -19.800000 20.500000 -6.624345 19.500000 -6.624345 
0 

4
19.500000 6.624345 20.500000 6.624345 20.500000 19.800000 19.500000 19.800000 
0 

4
19.500000 20.200000 20.500000 20.200000 20.500000 33.857332 19.500000 33.857332 
0 

4
19.500000 46.142668 20.500000 46.142668 20.500000 59.800000 19.500000 59.800000 
0 

4
-19.800000 -20.500000 -6.409799 -20.500000 -6.409799 -19.500000 -19.800000 -19.500000 
0 

4
6.409799 -20.500000 19.800000 -20.500000 19.800000 -19.500000 6.409799 -19.500000 
0 

4
19.500000 -59.800000 20.500000 -59.800000 20.500000 -46.773034 19.500000 -46.773034 
0 

4
19.500000 -33.226966 20.500000 -33.226966 20.500000 -20.200000 19.500000 -20.200000 
0 

4
-20.500000 -59.800000 -19.500000 -59.800000 -19.500000 -46.280909 -20.500000 -46.280909 
0 

4
-20.500000 -33.719091 -19.500000 -33.719091 -19.500000 -20.200000 -20.500000 -20.200000 
0 

4
-59.800000 -20.500000 -46.077971 -20.500000 -46.077971 -19.500000 -59.800000 -19.500000 
0 

4
-33.922029 -20.500000 -20.200000 -20.500000 -20.200000 -19.500000 -33.922029 -19.500000 
0 

6
28.459957 -16.680585 27.496400 -15.011656 25.569288 -15.011656 24.605732 -16.680585 25.569288 -18.349513 27.496400 -18.349513 
0 

7
6.692429 -4.627528 5.580331 -2.318232 3.081469 -1.747883 1.077538 -3.345965 1.077538 -5.909090 3.081469 -7.507172 5.580331 -6.936823 
0 

8
-13.496406 32.022602 -14.217764 33.764114 -15.959275 34.485471 -17.700787 33.764114 -18.422144 32.022602 -17.700787 30.281091 -15.959275 29.559733 -14.217764 30.281091 
0 

6
-38.187028 54.427469 -39.191339 56.166987 -41.199962 56.166987 -42.204273 54.427469 -41.199962 52.687951 -39.191339 52.687951 
0 

4
-28.336660 -55.166610 -31.131084 -52.372186 -33.925508 -55.166610 -31.131084 -57.961034 
0 

8
48.504607 -5.696391 47.969612 -4.404797 46.678018 -3.869801 45.386424 -4.404797 44.851428 -5.696391 45.386424 -6.987985 46.678018 -7.522981 47.969612 -6.987985 
0 

6
-3.605297 47.099045 -4.539000 48.716267 -6.406407 48.716267 -7.340110 47.099045 -6.406407 45.481824 -4.539000 45.481824 
0 

7
-50.124868 -33.964146 -50.985879 -32.176238 -52.920554 -31.734661 -54.472044 -32.971932 -54.472044 -34.956361 -52.920554 -36.193632 -50.985879 -35.752055 
0 

4
1.348615 14.680231 -0.175324 16.204170 -1.699263 14.680231 -0.175324 13.156292 
0 

8
58.824960 -5.264857 57.987733 -3.243613 55.966490 -2.406387 53.945246 -3.243613 53.108019 -5.264857 53.945246 -7.286101 55.966490 -8.123327 57.987733 -7.286101 
0 

6
-35.593984 13.993846 -36.741788 15.981900 -39.037395 15.981900 -40.185198 13.993846 -39.037395 12.005792 -36.741788 12.005792 
0 

6
-28.955236 2.677307 -30.238704 4.900338 -32.805638 4.900338 -34.089106 2.677307 -32.805638 0.454276 -30.238704 0.454276 
0 

5
31.092169 35.572809 29.236884 38.126390 26.234969 37.151009 26.234969 33.994609 29.236884 33.019227 
0 

5
-4.845231 39.858619 -6.145510 41.648300 -8.249406 40.964702 -8.249406 38.752535 -6.145510 38.068938 
0 

7
15.972472 35.059479 14.905562 37.274941 12.508236 37.822114 10.585730 36.288967 10.585730 33.829990 12.508236 32.296843 14.905562 32.844017 
0 

7
-43.755523 -27.083343 -44.311355 -25.929147 -45.560297 -25.644084 -46.561872 -26.442813 -46.561872 -27.723874 -45.560297 -28.522603 -44.311355 -28.237540 
0 

8
17.428639 10.702076 16.797778 12.225110 15.274743 12.855972 13.751709 12.225110 13.120847 10.702076 13.751709 9.179041 15.274743 8.548180 16.797778 9.179041 
0 

8
55.176846 -52.931415 54.487333 -51.266783 52.822701 -50.577270 51.158069 -51.266783 50.468556 -52.931415 51.158069 -54.596047 52.822701 -55.285560 54.487333 -54.596047 
0 

4
58.656409 15.336096 56.499117 17.493388 54.341825 15.336096 56.499117 13.178804 
0 

7
25.982593 56.023239 25.390624 57.252473 24.060484 57.556069 22.993794 56.705413 22.993794 55.341065 24.060484 54.490408 25.390624 54.794004 
0 

5
-49.121599 44.725967 -50.553586 46.696928 -52.870589 45.944088 -52.870589 43.507847 -50.553586 42.755007 
0 

7
-37.887901 48.103286 -38.820449 50.039742 -40.915865 50.518007 -42.596258 49.177938 -42.596258 47.028634 -40.915865 45.688565 -38.820449 46.166830 
0 

5
-33.091261 54.483695 -34.415751 56.306699 -36.558820 55.610374 -36.558820 53.357017 -34.415751 52.660692 
0 

4
28.690034 23.991557 26.961054 25.720537 25.232074 23.991557 26.961054 22.262577 
0 

4
56.184892 -29.690227 54.199295 -27.704631 52.213699 -29.690227 54.199295 -31.675824 
0 

5
-0.719069 -13.047149 -2.192081 -11.019721 -4.575465 -11.794130 -4.575465 -14.300168 -2.192081 -15.074576 
0 

