Grid2 -60.000000 -60.000000 60.000000 60.000000 3 3
RobotInitCfg -32.372551 4.766812 2.475175
Rooms 9
2 7 8 -50.461219 -35.261242 -37.617660 -23.637056
3 3 6 7 1.328060 -40.256615 14.912894 -27.446514
1 3 39.640540 -46.757039 52.879562 -33.188550
3 0 5 8 -56.870064 -8.311430 -44.395981 3.897129
3 0 1 6 -1.013085 -16.640031 13.216956 -4.465687
2 1 2 40.235923 -16.170395 53.958802 -2.762294
2 4 5 -39.349652 30.795077 -25.778051 45.104808
1 4 -6.368479 41.676316 5.421887 54.328754
1 2 39.469079 33.529857 52.945703 47.231489
Doors 9
4 3 -20.500000 -7.490786 -19.500000 7.490786
5 4 19.500000 -7.434262 20.500000 7.434262
8 5 32.769050 19.500000 47.230950 20.500000
2 1 19.500000 -46.316446 20.500000 -33.683554
7 6 -20.500000 32.452402 -19.500000 47.547598
6 3 -46.326267 19.500000 -33.673733 20.500000
4 1 -6.062850 -20.500000 6.062850 -19.500000
1 0 -20.500000 -46.455642 -19.500000 -33.544358
3 0 -47.496682 -20.500000 -32.503318 -19.500000
Objects 4
6 -54.314458 -1.860314 0.000000
8
2.079666 0.000000 1.470546 1.470546 0.000000 2.079666 -1.470546 1.470546 -2.079666 0.000000 -1.470546 -1.470546 -0.000000 -2.079666 1.470546 -1.470546 
0 

0 -31.753676 35.823263 0.000000
6
2.340088 0.000000 1.170044 2.026576 -1.170044 2.026576 -2.340088 0.000000 -1.170044 -2.026576 1.170044 -2.026576 
0 

5 -47.663206 -29.740769 0.000000
7
2.309075 0.000000 1.439685 1.805308 -0.513818 2.251182 -2.080405 1.001870 -2.080405 -1.001870 -0.513818 -2.251182 1.439685 -1.805308 
0 

3 44.424630 -36.842128 0.000000
6
2.504767 0.000000 1.252383 2.169192 -1.252383 2.169192 -2.504767 0.000000 -1.252383 -2.169192 1.252383 -2.169192 
0 

Obstacles 51
6
34.529699 7.696462 33.730819 9.080161 32.133061 9.080161 31.334182 7.696462 32.133061 6.312762 33.730819 6.312762 
0 

7
-12.148174 -26.081201 -13.006136 -24.299625 -14.933958 -23.859612 -16.479951 -25.092501 -16.479951 -27.069900 -14.933958 -28.302789 -13.006136 -27.862776 
0 

8
27.064360 -7.051961 26.341899 -5.307786 24.597725 -4.585325 22.853550 -5.307786 22.131089 -7.051961 22.853550 -8.796135 24.597725 -9.518596 26.341899 -8.796135 
0 

7
1.509814 -44.416485 0.924111 -43.200260 -0.391952 -42.899877 -1.447353 -43.741531 -1.447353 -45.091439 -0.391952 -45.933093 0.924111 -45.632710 
0 

4
-19.800000 19.500000 19.800000 19.500000 19.800000 20.500000 -19.800000 20.500000 
0 

4
20.200000 -20.500000 59.800000 -20.500000 59.800000 -19.500000 20.200000 -19.500000 
0 

4
19.500000 20.200000 20.500000 20.200000 20.500000 59.800000 19.500000 59.800000 
0 

4
-20.500000 -19.800000 -19.500000 -19.800000 -19.500000 -7.490786 -20.500000 -7.490786 
0 

4
-20.500000 7.490786 -19.500000 7.490786 -19.500000 19.800000 -20.500000 19.800000 
0 

4
19.500000 -19.800000 20.500000 -19.800000 20.500000 -7.434262 19.500000 -7.434262 
0 

4
19.500000 7.434262 20.500000 7.434262 20.500000 19.800000 19.500000 19.800000 
0 

4
20.200000 19.500000 32.769050 19.500000 32.769050 20.500000 20.200000 20.500000 
0 

4
47.230950 19.500000 59.800000 19.500000 59.800000 20.500000 47.230950 20.500000 
0 

4
19.500000 -59.800000 20.500000 -59.800000 20.500000 -46.316446 19.500000 -46.316446 
0 

4
19.500000 -33.683554 20.500000 -33.683554 20.500000 -20.200000 19.500000 -20.200000 
0 

4
-20.500000 20.200000 -19.500000 20.200000 -19.500000 32.452402 -20.500000 32.452402 
0 

4
-20.500000 47.547598 -19.500000 47.547598 -19.500000 59.800000 -20.500000 59.800000 
0 

4
-59.800000 19.500000 -46.326267 19.500000 -46.326267 20.500000 -59.800000 20.500000 
0 

4
-33.673733 19.500000 -20.200000 19.500000 -20.200000 20.500000 -33.673733 20.500000 
0 

4
-19.800000 -20.500000 -6.062850 -20.500000 -6.062850 -19.500000 -19.800000 -19.500000 
0 

4
6.062850 -20.500000 19.800000 -20.500000 19.800000 -19.500000 6.062850 -19.500000 
0 

4
-20.500000 -59.800000 -19.500000 -59.800000 -19.500000 -46.455642 -20.500000 -46.455642 
0 

4
-20.500000 -33.544358 -19.500000 -33.544358 -19.500000 -20.200000 -20.500000 -20.200000 
0 

4
-59.800000 -20.500000 -47.496682 -20.500000 -47.496682 -19.500000 -59.800000 -19.500000 
0 

4
-32.503318 -20.500000 -20.200000 -20.500000 -20.200000 -19.500000 -32.503318 -19.500000 
0 

5
-11.209028 -38.346081 -12.528941 -36.529376 -14.664606 -37.223296 -14.664606 -39.468866 -12.528941 -40.162786 
0 

5
-33.207216 24.710661 -34.808933 26.915235 -37.400565 26.073163 -37.400565 23.348159 -34.808933 22.506087 
0 

7
-43.006577 15.333551 -43.815801 17.013921 -45.634109 17.428938 -47.092280 16.266086 -47.092280 14.401016 -45.634109 13.238164 -43.815801 13.653181 
0 

6
-41.986379 36.446829 -42.957696 38.129199 -44.900329 38.129199 -45.871646 36.446829 -44.900329 34.764459 -42.957696 34.764459 
0 

4
-28.307722 -49.677876 -30.631841 -47.353756 -32.955960 -49.677876 -30.631841 -52.001995 
0 

7
-26.544005 -29.917918 -27.438217 -28.061069 -29.447492 -27.602465 -31.058806 -28.887445 -31.058806 -30.948392 -29.447492 -32.233372 -27.438217 -31.774768 
0 

7
32.712755 -23.562850 32.012483 -22.108719 30.438984 -21.749579 29.177137 -22.755869 29.177137 -24.369832 30.438984 -25.376122 32.012483 -25.016981 
0 

4
-48.932346 9.795708 -50.492921 11.356283 -52.053496 9.795708 -50.492921 8.235133 
0 

8
-2.426749 31.453437 -3.079676 33.029742 -4.655981 33.682669 -6.232286 33.029742 -6.885213 31.453437 -6.232286 29.877132 -4.655981 29.224205 -3.079676 29.877132 
0 

6
31.262270 -2.285575 30.066755 -0.214882 27.675724 -0.214882 26.480209 -2.285575 27.675724 -4.356268 30.066755 -4.356268 
0 

8
36.308280 -41.171289 35.840723 -40.042507 34.711941 -39.574950 33.583159 -40.042507 33.115602 -41.171289 33.583159 -42.300072 34.711941 -42.767628 35.840723 -42.300072 
0 

7
-22.138631 -46.224986 -23.194795 -44.031839 -25.567973 -43.490177 -27.471114 -45.007881 -27.471114 -47.442090 -25.567973 -48.959794 -23.194795 -48.418132 
0 

6
29.332386 34.021794 28.482536 35.493777 26.782835 35.493777 25.932985 34.021794 26.782835 32.549810 28.482536 32.549810 
0 

7
-27.517862 -37.083267 -28.136416 -35.798826 -29.526294 -35.481596 -30.640889 -36.370456 -30.640889 -37.796077 -29.526294 -38.684938 -28.136416 -38.367707 
0 

5
-37.490546 -43.754425 -39.279580 -41.292031 -42.174297 -42.232581 -42.174297 -45.276268 -39.279580 -46.216818 
0 

4
11.442682 11.004341 9.060389 13.386634 6.678097 11.004341 9.060389 8.622049 
0 

4
11.738624 35.873202 9.078905 38.532920 6.419187 35.873202 9.078905 33.213484 
0 

8
48.661747 24.736263 47.916078 26.536467 46.115874 27.282136 44.315670 26.536467 43.570001 24.736263 44.315670 22.936059 46.115874 22.190390 47.916078 22.936059 
0 

7
-6.689549 -0.281695 -7.696286 1.808815 -9.958402 2.325128 -11.772479 0.878451 -11.772479 -1.441840 -9.958402 -2.888518 -7.696286 -2.372205 
0 

4
37.628352 39.092988 35.627227 41.094113 33.626103 39.092988 35.627227 37.091864 
0 

7
-23.082602 -12.297934 -23.825439 -10.755415 -25.494580 -10.374445 -26.833127 -11.441901 -26.833127 -13.153967 -25.494580 -14.221422 -23.825439 -13.840452 
0 

4
17.783911 29.551403 15.357242 31.978072 12.930573 29.551403 15.357242 27.124734 
0 

7
-53.119656 -55.597458 -53.715063 -54.361084 -55.052929 -54.055725 -56.125814 -54.911322 -56.125814 -56.283594 -55.052929 -57.139192 -53.715063 -56.833833 
0 

5
50.314632 -51.508997 49.208788 -49.986933 47.419495 -50.568310 47.419495 -52.449684 49.208788 -53.031061 
0 

5
-44.733777 42.742438 -46.299839 44.897937 -48.833780 44.074610 -48.833780 41.410266 -46.299839 40.586939 
0 

7
-3.719328 -48.931596 -4.645804 -47.007749 -6.727576 -46.532598 -8.397027 -47.863941 -8.397027 -49.999250 -6.727576 -51.330593 -4.645804 -50.855442 
0 

