Grid2 -60.000000 -60.000000 60.000000 60.000000 3 3
RobotInitCfg -10.646965 47.665154 2.182022
Rooms 9
2 6 8 -51.621065 -41.611683 -37.423370 -27.997824
2 3 6 -10.369534 -44.091349 1.431590 -32.138591
2 2 3 33.810566 -55.718310 47.521557 -42.669209
2 0 8 -52.519431 -12.201499 -39.566651 0.678555
3 0 5 7 -0.958642 -2.539652 13.267628 10.292908
2 2 5 31.346759 -1.926058 44.586714 11.798462
1 4 -49.497213 41.688107 -36.289256 53.116852
3 1 4 7 -0.205479 24.894041 11.232905 37.002638
1 1 43.055063 32.639057 54.377519 43.500494
Doors 9
4 3 -20.500000 -7.195064 -19.500000 7.195064
8 7 19.500000 32.567934 20.500000 47.432066
5 2 32.214731 -20.500000 47.785269 -19.500000
2 1 19.500000 -46.785760 20.500000 -33.214240
7 6 -20.500000 33.495588 -19.500000 46.504412
5 4 19.500000 -6.290964 20.500000 6.290964
1 0 -20.500000 -47.560485 -19.500000 -32.439515
7 4 -6.720789 19.500000 6.720789 20.500000
3 0 -47.247498 -20.500000 -32.752502 -19.500000
Objects 4
4 -45.789026 -7.797611 0.000000
5
2.442883 0.000000 0.754892 2.323320 -1.976334 1.435891 -1.976334 -1.435891 0.754892 -2.323320 
0 

0 40.502896 -47.916243 0.000000
4
2.028666 0.000000 0.000000 2.028666 -2.028666 0.000000 -0.000000 -2.028666 
0 

6 -5.086500 -36.206816 0.000000
7
1.798313 0.000000 1.121230 1.405978 -0.400162 1.753226 -1.620224 0.780259 -1.620224 -0.780259 -0.400162 -1.753226 1.121230 -1.405978 
0 

8 -48.056493 -35.292153 0.000000
8
2.203471 0.000000 1.558089 1.558089 0.000000 2.203471 -1.558089 1.558089 -2.203471 0.000000 -1.558089 -1.558089 -0.000000 -2.203471 1.558089 -1.558089 
0 

Obstacles 51
8
-47.320965 -52.162859 -47.802908 -50.999346 -48.966421 -50.517403 -50.129934 -50.999346 -50.611877 -52.162859 -50.129934 -53.326372 -48.966421 -53.808315 -47.802908 -53.326372 
0 

8
28.977404 51.805455 28.243223 53.577924 26.470754 54.312104 24.698285 53.577924 23.964105 51.805455 24.698285 50.032986 26.470754 49.298805 28.243223 50.032986 
0 

7
6.119883 -48.519023 5.009042 -46.212336 2.513002 -45.642631 0.511335 -47.238908 0.511335 -49.799138 2.513002 -51.395414 5.009042 -50.825710 
0 

5
54.668336 -45.121438 52.636381 -42.324692 49.348609 -43.392954 49.348609 -46.849922 52.636381 -47.918184 
0 

4
-19.800000 -20.500000 19.800000 -20.500000 19.800000 -19.500000 -19.800000 -19.500000 
0 

4
-59.800000 19.500000 -20.200000 19.500000 -20.200000 20.500000 -59.800000 20.500000 
0 

4
20.200000 19.500000 59.800000 19.500000 59.800000 20.500000 20.200000 20.500000 
0 

4
-20.500000 -19.800000 -19.500000 -19.800000 -19.500000 -7.195064 -20.500000 -7.195064 
0 

4
-20.500000 7.195064 -19.500000 7.195064 -19.500000 19.800000 -20.500000 19.800000 
0 

4
19.500000 20.200000 20.500000 20.200000 20.500000 32.567934 19.500000 32.567934 
0 

4
19.500000 47.432066 20.500000 47.432066 20.500000 59.800000 19.500000 59.800000 
0 

4
20.200000 -20.500000 32.214731 -20.500000 32.214731 -19.500000 20.200000 -19.500000 
0 

4
47.785269 -20.500000 59.800000 -20.500000 59.800000 -19.500000 47.785269 -19.500000 
0 

4
19.500000 -59.800000 20.500000 -59.800000 20.500000 -46.785760 19.500000 -46.785760 
0 

4
19.500000 -33.214240 20.500000 -33.214240 20.500000 -20.200000 19.500000 -20.200000 
0 

4
-20.500000 20.200000 -19.500000 20.200000 -19.500000 33.495588 -20.500000 33.495588 
0 

4
-20.500000 46.504412 -19.500000 46.504412 -19.500000 59.800000 -20.500000 59.800000 
0 

4
19.500000 -19.800000 20.500000 -19.800000 20.500000 -6.290964 19.500000 -6.290964 
0 

4
19.500000 6.290964 20.500000 6.290964 20.500000 19.800000 19.500000 19.800000 
0 

4
-20.500000 -59.800000 -19.500000 -59.800000 -19.500000 -47.560485 -20.500000 -47.560485 
0 

4
-20.500000 -32.439515 -19.500000 -32.439515 -19.500000 -20.200000 -20.500000 -20.200000 
0 

4
-19.800000 19.500000 -6.720789 19.500000 -6.720789 20.500000 -19.800000 20.500000 
0 

4
6.720789 19.500000 19.800000 19.500000 19.800000 20.500000 6.720789 20.500000 
0 

4
-59.800000 -20.500000 -47.247498 -20.500000 -47.247498 -19.500000 -59.800000 -19.500000 
0 

4
-32.752502 -20.500000 -20.200000 -20.500000 -20.200000 -19.500000 -32.752502 -19.500000 
0 

8
-36.682301 12.950516 -37.172817 14.134728 -38.357030 14.625245 -39.541242 14.134728 -40.031759 12.950516 -39.541242 11.766303 -38.357030 11.275786 -37.172817 11.766303 
0 

8
2.075221 -27.396170 1.300173 -25.525040 -0.570957 -24.749992 -2.442088 -25.525040 -3.217136 -27.396170 -2.442088 -29.267301 -0.570957 -30.042348 1.300173 -29.267301 
0 

8
-21.591987 -39.934552 -22.033913 -38.867648 -23.100817 -38.425722 -24.167721 -38.867648 -24.609647 -39.934552 -24.167721 -41.001456 -23.100817 -41.443382 -22.033913 -41.001456 
0 

8
42.222922 -28.846974 41.776697 -27.769692 40.699415 -27.323467 39.622133 -27.769692 39.175908 -28.846974 39.622133 -29.924257 40.699415 -30.370482 41.776697 -29.924257 
0 

5
-35.051278 28.010601 -36.513086 30.022609 -38.878343 29.254090 -38.878343 26.767113 -36.513086 25.998594 
0 

6
51.341719 52.330684 49.948195 54.744338 47.161147 54.744338 45.767624 52.330684 47.161147 49.917030 49.948195 49.917030 
0 

6
1.135471 14.560754 0.287000 16.030349 -1.409942 16.030349 -2.258413 14.560754 -1.409942 13.091159 0.287000 13.091159 
0 

7
58.459538 -27.126022 57.583608 -25.307134 55.615410 -24.857906 54.037038 -26.116616 54.037038 -28.135429 55.615410 -29.394139 57.583608 -28.944910 
0 

5
-48.505396 35.775121 -50.501294 38.522237 -53.730723 37.472932 -53.730723 34.077309 -50.501294 33.028004 
0 

8
-3.134548 -3.349213 -3.549049 -2.348518 -4.549744 -1.934017 -5.550439 -2.348518 -5.964940 -3.349213 -5.550439 -4.349908 -4.549744 -4.764410 -3.549049 -4.349908 
0 

5
-4.206747 -52.973160 -5.922235 -50.611993 -8.697954 -51.513879 -8.697954 -54.432442 -5.922235 -55.334328 
0 

7
-41.626817 -15.799540 -42.372425 -14.251268 -44.047792 -13.868877 -45.391332 -14.940314 -45.391332 -16.658766 -44.047792 -17.730204 -42.372425 -17.347812 
0 

4
6.647884 -54.390136 4.765594 -52.507847 2.883304 -54.390136 4.765594 -56.272426 
0 

8
-54.165183 10.897910 -54.835953 12.517293 -56.455336 13.188064 -58.074719 12.517293 -58.745489 10.897910 -58.074719 9.278527 -56.455336 8.607757 -54.835953 9.278527 
0 

8
58.681624 29.912786 58.041621 31.457890 56.496517 32.097893 54.951413 31.457890 54.311410 29.912786 54.951413 28.367681 56.496517 27.727678 58.041621 28.367681 
0 

6
-33.770306 33.766228 -34.852423 35.640509 -37.016657 35.640509 -38.098774 33.766228 -37.016657 31.891946 -34.852423 31.891946 
0 

6
29.977552 6.097745 28.673289 8.356796 26.064761 8.356796 24.760498 6.097745 26.064761 3.838695 28.673289 3.838695 
0 

7
52.516169 -35.016051 51.532625 -32.973703 49.322624 -32.469284 47.550341 -33.882633 47.550341 -36.149469 49.322624 -37.562818 51.532625 -37.058399 
0 

8
-24.995034 -5.376698 -25.668668 -3.750403 -27.294964 -3.076769 -28.921260 -3.750403 -29.594893 -5.376698 -28.921260 -7.002994 -27.294964 -7.676628 -25.668668 -7.002994 
0 

5
-3.753749 -29.421134 -4.767387 -28.025981 -6.407488 -28.558882 -6.407488 -30.283386 -4.767387 -30.816287 
0 

4
28.548319 24.823301 26.467846 26.903774 24.387373 24.823301 26.467846 22.742828 
0 

8
30.733807 -10.714018 30.266391 -9.585575 29.137948 -9.118159 28.009505 -9.585575 27.542089 -10.714018 28.009505 -11.842461 29.137948 -12.309877 30.266391 -11.842461 
0 

6
54.662181 9.858716 53.917813 11.147999 52.429077 11.147999 51.684709 9.858716 52.429077 8.569433 53.917813 8.569433 
0 

4
-42.295879 -24.047103 -44.645969 -21.697013 -46.996059 -24.047103 -44.645969 -26.397193 
0 

5
-12.135615 -5.476392 -13.664454 -3.372124 -16.138169 -4.175883 -16.138169 -6.776900 -13.664454 -7.580659 
0 

7
-23.651360 -12.922976 -24.398026 -11.372508 -26.075770 -10.989574 -27.421216 -12.062531 -27.421216 -13.783421 -26.075770 -14.856379 -24.398026 -14.473445 
0 

