Grid2 -60.000000 -60.000000 60.000000 60.000000 3 3
RobotInitCfg 49.159030 29.752280 2.542433
Rooms 9
2 3 5 -43.865585 -52.502643 -32.860967 -41.314936
3 5 7 8 -2.358718 -39.496262 11.424633 -26.592775
2 0 7 40.172136 -53.918986 52.599691 -40.206123
2 1 3 -46.279686 -5.082172 -35.079441 6.083657
3 2 4 8 -12.015378 -17.336642 0.096484 -6.006429
2 0 4 36.779446 -17.162479 50.580770 -4.987586
1 1 -35.554348 38.855063 -22.048735 52.015472
2 2 6 -0.660987 44.645174 13.417160 57.237728
1 6 26.350557 32.387967 39.330817 44.471106
Doors 9
5 2 32.514005 -20.500000 47.485995 -19.500000
6 3 -47.595055 19.500000 -32.404945 20.500000
7 4 -7.794085 19.500000 7.794085 20.500000
3 0 -46.896263 -20.500000 -33.103737 -19.500000
5 4 19.500000 -7.607709 20.500000 7.607709
1 0 -20.500000 -46.954444 -19.500000 -33.045556
8 7 19.500000 33.473335 20.500000 46.526665
2 1 19.500000 -47.821569 20.500000 -32.178431
4 1 -7.050547 -20.500000 7.050547 -19.500000
Objects 4
5 28.641608 39.007415 0.000000
8
2.236683 0.000000 1.581574 1.581574 0.000000 2.236683 -1.581574 1.581574 -2.236683 0.000000 -1.581574 -1.581574 -0.000000 -2.236683 1.581574 -1.581574 
0 

4 -41.787340 -48.202086 0.000000
6
1.710123 0.000000 0.855062 1.481010 -0.855062 1.481010 -1.710123 0.000000 -0.855062 -1.481010 0.855062 -1.481010 
0 

7 -40.038297 0.495466 0.000000
4
1.784198 0.000000 0.000000 1.784198 -1.784198 0.000000 -0.000000 -1.784198 
0 

1 40.674981 -14.273128 0.000000
7
2.414245 0.000000 1.505257 1.887533 -0.537220 2.353715 -2.175159 1.047502 -2.175159 -1.047502 -0.537220 -2.353715 1.505257 -1.887533 
0 

Obstacles 51
7
55.390890 -4.090003 54.689779 -2.634131 53.114398 -2.274560 51.851039 -3.282055 51.851039 -4.897950 53.114398 -5.905445 54.689779 -5.545874 
0 

7
-51.917470 2.346426 -52.555955 3.672255 -53.990619 3.999707 -55.141130 3.082206 -55.141130 1.610647 -53.990619 0.693145 -52.555955 1.020598 
0 

8
25.056234 -6.238331 24.589163 -5.110722 23.461555 -4.643651 22.333946 -5.110722 21.866875 -6.238331 22.333946 -7.365939 23.461555 -7.833010 24.589163 -7.365939 
0 

6
13.741143 37.635971 12.352103 40.041859 9.574023 40.041859 8.184984 37.635971 9.574023 35.230084 12.352103 35.230084 
0 

4
-20.500000 20.200000 -19.500000 20.200000 -19.500000 59.800000 -20.500000 59.800000 
0 

4
20.200000 19.500000 59.800000 19.500000 59.800000 20.500000 20.200000 20.500000 
0 

4
-20.500000 -19.800000 -19.500000 -19.800000 -19.500000 19.800000 -20.500000 19.800000 
0 

4
20.200000 -20.500000 32.514005 -20.500000 32.514005 -19.500000 20.200000 -19.500000 
0 

4
47.485995 -20.500000 59.800000 -20.500000 59.800000 -19.500000 47.485995 -19.500000 
0 

4
-59.800000 19.500000 -47.595055 19.500000 -47.595055 20.500000 -59.800000 20.500000 
0 

4
-32.404945 19.500000 -20.200000 19.500000 -20.200000 20.500000 -32.404945 20.500000 
0 

4
-19.800000 19.500000 -7.794085 19.500000 -7.794085 20.500000 -19.800000 20.500000 
0 

4
7.794085 19.500000 19.800000 19.500000 19.800000 20.500000 7.794085 20.500000 
0 

4
-59.800000 -20.500000 -46.896263 -20.500000 -46.896263 -19.500000 -59.800000 -19.500000 
0 

4
-33.103737 -20.500000 -20.200000 -20.500000 -20.200000 -19.500000 -33.103737 -19.500000 
0 

4
19.500000 -19.800000 20.500000 -19.800000 20.500000 -7.607709 19.500000 -7.607709 
0 

4
19.500000 7.607709 20.500000 7.607709 20.500000 19.800000 19.500000 19.800000 
0 

4
-20.500000 -59.800000 -19.500000 -59.800000 -19.500000 -46.954444 -20.500000 -46.954444 
0 

4
-20.500000 -33.045556 -19.500000 -33.045556 -19.500000 -20.200000 -20.500000 -20.200000 
0 

4
19.500000 20.200000 20.500000 20.200000 20.500000 33.473335 19.500000 33.473335 
0 

4
19.500000 46.526665 20.500000 46.526665 20.500000 59.800000 19.500000 59.800000 
0 

4
19.500000 -59.800000 20.500000 -59.800000 20.500000 -47.821569 19.500000 -47.821569 
0 

4
19.500000 -32.178431 20.500000 -32.178431 20.500000 -20.200000 19.500000 -20.200000 
0 

4
-19.800000 -20.500000 -7.050547 -20.500000 -7.050547 -19.500000 -19.800000 -19.500000 
0 

4
7.050547 -20.500000 19.800000 -20.500000 19.800000 -19.500000 7.050547 -19.500000 
0 

7
57.029959 34.949472 55.955941 37.179693 53.542644 37.730513 51.607331 36.187151 51.607331 33.711792 53.542644 32.168431 55.955941 32.719250 
0 

5
-3.357577 4.936007 -4.987361 7.179212 -7.624406 6.322384 -7.624406 3.549630 -4.987361 2.692802 
0 

7
-22.905414 29.107999 -23.727431 30.814935 -25.574486 31.236513 -27.055709 30.055277 -27.055709 28.160722 -25.574486 26.979485 -23.727431 27.401064 
0 

6
-0.326587 32.746117 -1.630759 35.005009 -4.239103 35.005009 -5.543275 32.746117 -4.239103 30.487225 -1.630759 30.487225 
0 

5
34.370067 11.291034 33.166691 12.947339 31.219587 12.314687 31.219587 10.267381 33.166691 9.634728 
0 

4
-7.657644 -55.288619 -10.187977 -52.758286 -12.718309 -55.288619 -10.187977 -57.818951 
0 

4
7.876668 28.843816 5.618656 31.101829 3.360643 28.843816 5.618656 26.585804 
0 

6
16.643170 -3.224915 15.712840 -1.613535 13.852179 -1.613535 12.921849 -3.224915 13.852179 -4.836294 15.712840 -4.836294 
0 

6
-47.683582 25.802130 -48.607469 27.402349 -50.455243 27.402349 -51.379130 25.802130 -50.455243 24.201911 -48.607469 24.201911 
0 

6
-27.497743 24.236547 -28.788433 26.472089 -31.369815 26.472089 -32.660506 24.236547 -31.369815 22.001005 -28.788433 22.001005 
0 

5
-47.281245 -47.542905 -48.465909 -45.912355 -50.382735 -46.535170 -50.382735 -48.550640 -48.465909 -49.173454 
0 

5
10.570233 -54.999956 8.629426 -52.328665 5.489135 -53.349007 5.489135 -56.650906 8.629426 -57.671248 
0 

5
-0.850898 -43.496555 -1.832505 -42.145490 -3.420777 -42.661551 -3.420777 -44.331559 -1.832505 -44.847620 
0 

7
-39.264996 39.757553 -40.225317 41.751678 -42.383136 42.244186 -44.113573 40.864209 -44.113573 38.650897 -42.383136 37.270919 -40.225317 37.763427 
0 

7
50.630490 46.525414 49.700047 48.457499 47.609361 48.934685 45.932760 47.597641 45.932760 45.453188 47.609361 44.116144 49.700047 44.593329 
0 

5
-37.503078 -36.711542 -39.458968 -34.019491 -42.623664 -35.047763 -42.623664 -38.375322 -39.458968 -39.403594 
0 

7
-36.220507 16.044226 -37.192519 18.062629 -39.376608 18.561133 -41.128112 17.164355 -41.128112 14.924097 -39.376608 13.527319 -37.192519 14.025824 
0 

6
-31.828424 29.522205 -32.618373 30.890437 -34.198271 30.890437 -34.988219 29.522205 -34.198271 28.153974 -32.618373 28.153974 
0 

8
53.676256 -27.546339 52.811166 -25.457828 50.722655 -24.592739 48.634145 -25.457828 47.769055 -27.546339 48.634145 -29.634849 50.722655 -30.499939 52.811166 -29.634849 
0 

8
-13.599500 -11.967246 -14.310413 -10.250951 -16.026707 -9.540039 -17.743002 -10.250951 -18.453914 -11.967246 -17.743002 -13.683541 -16.026707 -14.394453 -14.310413 -13.683541 
0 

6
51.587979 11.012730 50.771948 12.426138 49.139885 12.426138 48.323854 11.012730 49.139885 9.599323 50.771948 9.599323 
0 

5
5.749052 13.890736 3.928664 16.396285 0.983214 15.439250 0.983214 12.342221 3.928664 11.385187 
0 

5
2.133006 3.167931 1.078550 4.619265 -0.627595 4.064905 -0.627595 2.270957 1.078550 1.716597 
0 

8
-42.649092 -13.036542 -43.128532 -11.879071 -44.286003 -11.399631 -45.443474 -11.879071 -45.922914 -13.036542 -45.443474 -14.194013 -44.286003 -14.673453 -43.128532 -14.194013 
0 

4
-11.193329 37.963740 -13.005479 39.775889 -14.817628 37.963740 -13.005479 36.151591 
0 

8
-50.087767 -15.535655 -50.559169 -14.397589 -51.697235 -13.926187 -52.835300 -14.397589 -53.306703 -15.535655 -52.835300 -16.673721 -51.697235 -17.145123 -50.559169 -16.673721 
0 

