Grid2 -60.000000 -60.000000 60.000000 60.000000 3 3
RobotInitCfg -24.792420 -9.590573 2.135106
Rooms 9
2 5 8 -41.990294 -38.681404 -30.370213 -24.315380
3 2 3 5 -1.550090 -36.614165 9.626853 -22.868831
1 2 30.562955 -51.712538 44.555712 -39.390723
3 0 7 8 -35.683568 2.896579 -22.293761 17.025714
3 0 1 3 -13.662439 -0.675213 -0.458596 12.422113
2 1 4 39.597153 -6.618479 52.607127 5.966006
1 7 -43.367514 44.619572 -30.675157 55.590709
1 6 -13.341873 29.078993 -2.239475 42.375316
2 4 6 26.656085 39.479327 39.918431 53.316889
Doors 9
4 3 -20.500000 -6.209851 -19.500000 6.209851
5 4 19.500000 -6.075545 20.500000 6.075545
2 1 19.500000 -46.504771 20.500000 -33.495229
4 1 -7.796501 -20.500000 7.796501 -19.500000
8 5 33.993694 19.500000 46.006306 20.500000
1 0 -20.500000 -45.972630 -19.500000 -34.027370
8 7 19.500000 33.313321 20.500000 46.686679
6 3 -46.313813 19.500000 -33.686187 20.500000
3 0 -46.938266 -20.500000 -33.061734 -19.500000
Objects 5
2 48.949982 -4.560801 0.000000
4
1.974976 0.000000 0.000000 1.974976 -1.974976 0.000000 -0.000000 -1.974976 
0 

8 -4.590332 37.825891 0.000000
6
2.110198 0.000000 1.055099 1.827485 -1.055099 1.827485 -2.110198 0.000000 -1.055099 -1.827485 1.055099 -1.827485 
0 

5 3.944243 -34.305504 0.000000
7
1.763334 0.000000 1.099421 1.378630 -0.392379 1.719124 -1.588709 0.765082 -1.588709 -0.765082 -0.392379 -1.719124 1.099421 -1.378630 
0 

4 -36.661574 47.711686 0.000000
5
1.784521 0.000000 0.551447 1.697181 -1.443708 1.048915 -1.443708 -1.048915 0.551447 -1.697181 
0 

6 -39.511835 -32.730905 0.000000
8
1.840174 0.000000 1.301199 1.301199 0.000000 1.840174 -1.301199 1.301199 -1.840174 0.000000 -1.301199 -1.301199 -0.000000 -1.840174 1.301199 -1.301199 
0 

Obstacles 51
7
-32.340895 -6.577725 -32.981286 -5.247940 -34.420230 -4.919510 -35.574174 -5.839750 -35.574174 -7.315700 -34.420230 -8.235939 -32.981286 -7.907510 
0 

7
-51.382583 -42.952048 -52.157897 -41.342092 -53.900011 -40.944466 -55.297078 -42.058590 -55.297078 -43.845505 -53.900011 -44.959629 -52.157897 -44.562003 
0 

5
-52.039662 15.794166 -53.386633 17.648113 -55.566079 16.939969 -55.566079 14.648364 -53.386633 13.940219 
0 

6
-2.490310 55.280016 -3.357578 56.782168 -5.092114 56.782168 -5.959382 55.280016 -5.092114 53.777863 -3.357578 53.777863 
0 

4
-19.800000 19.500000 19.800000 19.500000 19.800000 20.500000 -19.800000 20.500000 
0 

4
20.200000 -20.500000 59.800000 -20.500000 59.800000 -19.500000 20.200000 -19.500000 
0 

4
-20.500000 20.200000 -19.500000 20.200000 -19.500000 59.800000 -20.500000 59.800000 
0 

4
-20.500000 -19.800000 -19.500000 -19.800000 -19.500000 -6.209851 -20.500000 -6.209851 
0 

4
-20.500000 6.209851 -19.500000 6.209851 -19.500000 19.800000 -20.500000 19.800000 
0 

4
19.500000 -19.800000 20.500000 -19.800000 20.500000 -6.075545 19.500000 -6.075545 
0 

4
19.500000 6.075545 20.500000 6.075545 20.500000 19.800000 19.500000 19.800000 
0 

4
19.500000 -59.800000 20.500000 -59.800000 20.500000 -46.504771 19.500000 -46.504771 
0 

4
19.500000 -33.495229 20.500000 -33.495229 20.500000 -20.200000 19.500000 -20.200000 
0 

4
-19.800000 -20.500000 -7.796501 -20.500000 -7.796501 -19.500000 -19.800000 -19.500000 
0 

4
7.796501 -20.500000 19.800000 -20.500000 19.800000 -19.500000 7.796501 -19.500000 
0 

4
20.200000 19.500000 33.993694 19.500000 33.993694 20.500000 20.200000 20.500000 
0 

4
46.006306 19.500000 59.800000 19.500000 59.800000 20.500000 46.006306 20.500000 
0 

4
-20.500000 -59.800000 -19.500000 -59.800000 -19.500000 -45.972630 -20.500000 -45.972630 
0 

4
-20.500000 -34.027370 -19.500000 -34.027370 -19.500000 -20.200000 -20.500000 -20.200000 
0 

4
19.500000 20.200000 20.500000 20.200000 20.500000 33.313321 19.500000 33.313321 
0 

4
19.500000 46.686679 20.500000 46.686679 20.500000 59.800000 19.500000 59.800000 
0 

4
-59.800000 19.500000 -46.313813 19.500000 -46.313813 20.500000 -59.800000 20.500000 
0 

4
-33.686187 19.500000 -20.200000 19.500000 -20.200000 20.500000 -33.686187 20.500000 
0 

4
-59.800000 -20.500000 -46.938266 -20.500000 -46.938266 -19.500000 -59.800000 -19.500000 
0 

4
-33.061734 -20.500000 -20.200000 -20.500000 -20.200000 -19.500000 -33.061734 -19.500000 
0 

4
-52.657446 39.187321 -54.218171 40.748046 -55.778896 39.187321 -54.218171 37.626596 
0 

7
5.051883 -52.461453 4.495409 -51.305922 3.245023 -51.020530 2.242290 -51.820182 2.242290 -53.102724 3.245023 -53.902376 4.495409 -53.616984 
0 

5
11.400675 29.761502 10.284200 31.298197 8.477705 30.711232 8.477705 28.811771 10.284200 28.224806 
0 

8
-47.772206 54.685929 -48.484585 56.405765 -50.204421 57.118145 -51.924257 56.405765 -52.636636 54.685929 -51.924257 52.966093 -50.204421 52.253714 -48.484585 52.966093 
0 

7
-37.454907 33.914147 -38.011442 35.069803 -39.261963 35.355226 -40.264804 34.555487 -40.264804 33.272806 -39.261963 32.473068 -38.011442 32.758491 
0 

5
11.261327 43.116568 10.101628 44.712757 8.225195 44.103067 8.225195 42.130069 10.101628 41.520379 
0 

5
25.240956 29.327147 23.938883 31.119296 21.832086 30.434756 21.832086 28.219538 23.938883 27.534998 
0 

7
56.740905 54.307869 56.003561 55.838980 54.346765 56.217133 53.018117 55.157572 53.018117 53.458167 54.346765 52.398606 56.003561 52.776759 
0 

8
-39.021150 -44.590487 -39.858344 -42.569321 -41.879510 -41.732126 -43.900676 -42.569321 -44.737871 -44.590487 -43.900676 -46.611653 -41.879510 -47.448847 -39.858344 -46.611653 
0 

8
-50.491458 -7.100447 -51.276357 -5.205535 -53.171269 -4.420637 -55.066181 -5.205535 -55.851079 -7.100447 -55.066181 -8.995360 -53.171269 -9.780258 -51.276357 -8.995360 
0 

6
4.312750 -8.052390 2.958464 -5.706698 0.249893 -5.706698 -1.104393 -8.052390 0.249893 -10.398082 2.958464 -10.398082 
0 

6
26.359720 9.553553 25.487471 11.064332 23.742973 11.064332 22.870724 9.553553 23.742973 8.042773 25.487471 8.042773 
0 

6
25.500120 38.762328 24.565418 40.381279 22.696015 40.381279 21.761313 38.762328 22.696015 37.143378 24.565418 37.143378 
0 

5
13.666085 -12.307522 12.247908 -10.355569 9.953250 -11.101149 9.953250 -13.513896 12.247908 -14.259476 
0 

8
33.819888 -54.426305 33.370714 -53.341903 32.286311 -52.892729 31.201909 -53.341903 30.752735 -54.426305 31.201909 -55.510708 32.286311 -55.959882 33.370714 -55.510708 
0 

5
-33.648916 -51.112766 -35.101968 -49.112811 -37.453056 -49.876726 -37.453056 -52.348806 -35.101968 -53.112720 
0 

4
31.038301 7.483666 28.685416 9.836551 26.332531 7.483666 28.685416 5.130781 
0 

5
-35.643819 26.286698 -37.329528 28.606878 -40.057062 27.720648 -40.057062 24.852748 -37.329528 23.966519 
0 

8
47.331199 38.268218 46.752446 39.665452 45.355213 40.244205 43.957979 39.665452 43.379226 38.268218 43.957979 36.870985 45.355213 36.292231 46.752446 36.870985 
0 

6
51.997880 35.414167 51.048756 37.058098 49.150507 37.058098 48.201382 35.414167 49.150507 33.770235 51.048756 33.770235 
0 

8
-30.451674 30.995283 -31.188352 32.773781 -32.966850 33.510458 -34.745347 32.773781 -35.482025 30.995283 -34.745347 29.216785 -32.966850 28.480107 -31.188352 29.216785 
0 

7
-52.346059 29.474208 -52.960242 30.749574 -54.340301 31.064563 -55.447022 30.181983 -55.447022 28.766434 -54.340301 27.883853 -52.960242 28.198843 
0 

8
36.469172 -12.697003 35.641912 -10.699819 33.644728 -9.872558 31.647544 -10.699819 30.820283 -12.697003 31.647544 -14.694187 33.644728 -15.521448 35.641912 -14.694187 
0 

8
44.080891 -25.589988 43.415461 -23.983500 41.808973 -23.318070 40.202484 -23.983500 39.537054 -25.589988 40.202484 -27.196477 41.808973 -27.861907 43.415461 -27.196477 
0 

5
-3.792641 -8.479838 -5.728078 -5.815937 -8.859682 -6.833456 -8.859682 -10.126219 -5.728078 -11.143739 
0 

5
-21.838632 39.028378 -23.908613 41.877464 -27.257914 40.789210 -27.257914 37.267547 -23.908613 36.179293 
0 

