Grid2 -60.000000 -60.000000 60.000000 60.000000 3 3
RobotInitCfg 33.453839 49.928925 -1.894261
Rooms 9
1 6 -55.009458 -41.724113 -42.541648 -28.530549
2 2 3 -17.284759 -40.752486 -6.233797 -27.983828
1 3 31.676975 -56.936566 42.859126 -45.567429
3 4 6 7 -51.238962 -15.669340 -39.553126 -3.076359
4 1 2 5 7 -5.635969 0.159035 7.497264 11.037346
2 5 8 23.681397 -0.234059 36.146687 13.516664
1 4 -46.474418 43.590769 -33.083301 55.933436
2 0 1 -5.355339 23.625456 7.629231 36.439571
2 0 8 41.117693 28.694329 52.725372 41.929665
Doors 9
8 7 19.500000 33.148686 20.500000 46.851314
7 4 -6.446105 19.500000 6.446105 20.500000
4 1 -7.739030 -20.500000 7.739030 -19.500000
2 1 19.500000 -46.159758 20.500000 -33.840242
6 3 -47.072096 19.500000 -32.927904 20.500000
5 4 19.500000 -6.892742 20.500000 6.892742
3 0 -47.491274 -20.500000 -32.508726 -19.500000
4 3 -20.500000 -6.788670 -19.500000 6.788670
8 5 32.522318 19.500000 47.477682 20.500000
Objects 5
8 36.332012 -53.388279 0.000000
8
1.915732 0.000000 1.354627 1.354627 0.000000 1.915732 -1.354627 1.354627 -1.915732 0.000000 -1.354627 -1.354627 -0.000000 -1.915732 1.354627 -1.354627 
0 

1 -0.390143 30.623040 0.000000
7
2.339043 0.000000 1.458370 1.828738 -0.520486 2.280399 -2.107405 1.014873 -2.107405 -1.014873 -0.520486 -2.280399 1.458370 -1.828738 
0 

3 -50.342428 -38.187295 0.000000
7
2.404327 0.000000 1.499073 1.879779 -0.535013 2.344046 -2.166224 1.043198 -2.166224 -1.043198 -0.535013 -2.344046 1.499073 -1.879779 
0 

0 5.036726 4.849598 0.000000
7
1.831292 0.000000 1.141792 1.431761 -0.407501 1.785377 -1.649937 0.794568 -1.649937 -0.794568 -0.407501 -1.785377 1.141792 -1.431761 
0 

6 45.467127 34.408586 0.000000
4
1.998459 0.000000 0.000000 1.998459 -1.998459 0.000000 -0.000000 -1.998459 
0 

Obstacles 51
8
17.440201 41.627780 16.592590 43.674093 14.546278 44.521703 12.499965 43.674093 11.652355 41.627780 12.499965 39.581468 14.546278 38.733857 16.592590 39.581468 
0 

5
-48.407544 -51.999810 -49.607164 -50.348676 -51.548188 -50.979353 -51.548188 -53.020267 -49.607164 -53.650944 
0 

8
44.269736 9.786597 43.646393 11.291479 42.141512 11.914821 40.636630 11.291479 40.013287 9.786597 40.636630 8.281716 42.141512 7.658373 43.646393 8.281716 
0 

5
-29.625445 24.084929 -31.183852 26.229893 -33.705408 25.410590 -33.705408 22.759269 -31.183852 21.939965 
0 

4
-20.500000 -59.800000 -19.500000 -59.800000 -19.500000 -20.200000 -20.500000 -20.200000 
0 

4
20.200000 -20.500000 59.800000 -20.500000 59.800000 -19.500000 20.200000 -19.500000 
0 

4
-20.500000 20.200000 -19.500000 20.200000 -19.500000 59.800000 -20.500000 59.800000 
0 

4
19.500000 20.200000 20.500000 20.200000 20.500000 33.148686 19.500000 33.148686 
0 

4
19.500000 46.851314 20.500000 46.851314 20.500000 59.800000 19.500000 59.800000 
0 

4
-19.800000 19.500000 -6.446105 19.500000 -6.446105 20.500000 -19.800000 20.500000 
0 

4
6.446105 19.500000 19.800000 19.500000 19.800000 20.500000 6.446105 20.500000 
0 

4
-19.800000 -20.500000 -7.739030 -20.500000 -7.739030 -19.500000 -19.800000 -19.500000 
0 

4
7.739030 -20.500000 19.800000 -20.500000 19.800000 -19.500000 7.739030 -19.500000 
0 

4
19.500000 -59.800000 20.500000 -59.800000 20.500000 -46.159758 19.500000 -46.159758 
0 

4
19.500000 -33.840242 20.500000 -33.840242 20.500000 -20.200000 19.500000 -20.200000 
0 

4
-59.800000 19.500000 -47.072096 19.500000 -47.072096 20.500000 -59.800000 20.500000 
0 

4
-32.927904 19.500000 -20.200000 19.500000 -20.200000 20.500000 -32.927904 20.500000 
0 

4
19.500000 -19.800000 20.500000 -19.800000 20.500000 -6.892742 19.500000 -6.892742 
0 

4
19.500000 6.892742 20.500000 6.892742 20.500000 19.800000 19.500000 19.800000 
0 

4
-59.800000 -20.500000 -47.491274 -20.500000 -47.491274 -19.500000 -59.800000 -19.500000 
0 

4
-32.508726 -20.500000 -20.200000 -20.500000 -20.200000 -19.500000 -32.508726 -19.500000 
0 

4
-20.500000 -19.800000 -19.500000 -19.800000 -19.500000 -6.788670 -20.500000 -6.788670 
0 

4
-20.500000 6.788670 -19.500000 6.788670 -19.500000 19.800000 -20.500000 19.800000 
0 

4
20.200000 19.500000 32.522318 19.500000 32.522318 20.500000 20.200000 20.500000 
0 

4
47.477682 19.500000 59.800000 19.500000 59.800000 20.500000 47.477682 20.500000 
0 

4
-36.419152 29.737190 -39.120577 32.438614 -41.822001 29.737190 -39.120577 27.035766 
0 

6
2.671366 -42.380375 1.500547 -40.352456 -0.841093 -40.352456 -2.011912 -42.380375 -0.841093 -44.408295 1.500547 -44.408295 
0 

8
-31.440683 -50.864147 -32.010152 -49.489327 -33.384972 -48.919857 -34.759792 -49.489327 -35.329262 -50.864147 -34.759792 -52.238967 -33.384972 -52.808436 -32.010152 -52.238967 
0 

7
45.681897 -30.122144 44.694874 -28.072570 42.477054 -27.566367 40.698501 -28.984716 40.698501 -31.259572 42.477054 -32.677921 44.694874 -32.171718 
0 

5
-50.064226 46.291141 -51.032087 47.623288 -52.598119 47.114453 -52.598119 45.467829 -51.032087 44.958995 
0 

6
34.899023 -14.032419 33.935869 -12.364187 32.009561 -12.364187 31.046407 -14.032419 32.009561 -15.700650 33.935869 -15.700650 
0 

4
-0.854503 -24.293611 -2.481729 -22.666386 -4.108954 -24.293611 -2.481729 -25.920837 
0 

8
-23.152195 32.166545 -23.643565 33.352817 -24.829837 33.844187 -26.016109 33.352817 -26.507479 32.166545 -26.016109 30.980273 -24.829837 30.488903 -23.643565 30.980273 
0 

5
51.902410 -15.747767 50.881183 -14.342169 49.228804 -14.879059 49.228804 -16.616474 50.881183 -17.153365 
0 

4
29.964730 -10.282822 27.668500 -7.986592 25.372270 -10.282822 27.668500 -12.579052 
0 

6
5.435033 -54.397982 4.585473 -52.926500 2.886352 -52.926500 2.036792 -54.397982 2.886352 -55.869463 4.585473 -55.869463 
0 

7
43.258442 -5.560570 42.320214 -3.612320 40.212035 -3.131142 38.521407 -4.479373 38.521407 -6.641767 40.212035 -7.989998 42.320214 -7.508820 
0 

6
7.447443 -34.666041 6.616274 -33.226414 4.953936 -33.226414 4.122767 -34.666041 4.953936 -36.105669 6.616274 -36.105669 
0 

8
-1.579395 -14.473680 -2.360880 -12.587008 -4.247552 -11.805523 -6.134224 -12.587008 -6.915709 -14.473680 -6.134224 -16.360352 -4.247552 -17.141837 -2.360880 -16.360352 
0 

5
-28.078730 12.773477 -29.240101 14.371967 -31.119238 13.761398 -31.119238 11.785556 -29.240101 11.174987 
0 

8
17.214507 -49.542284 16.439071 -47.670216 14.567004 -46.894780 12.694936 -47.670216 11.919500 -49.542284 12.694936 -51.414352 14.567004 -52.189788 16.439071 -51.414352 
0 

7
50.030646 4.797200 49.500669 5.897710 48.309820 6.169513 47.354833 5.407937 47.354833 4.186463 48.309820 3.424887 49.500669 3.696690 
0 

4
37.790446 32.625391 36.215415 34.200423 34.640383 32.625391 36.215415 31.050360 
0 

6
53.908276 -26.113216 53.087859 -24.692213 51.447026 -24.692213 50.626609 -26.113216 51.447026 -27.534220 53.087859 -27.534220 
0 

4
8.994796 43.542610 7.247275 45.290131 5.499753 43.542610 7.247275 41.795088 
0 

4
54.658540 53.075790 51.947745 55.786584 49.236951 53.075790 51.947745 50.364995 
0 

8
-11.894724 -11.184634 -12.450798 -9.842152 -13.793280 -9.286078 -15.135762 -9.842152 -15.691836 -11.184634 -15.135762 -12.527116 -13.793280 -13.083190 -12.450798 -12.527116 
0 

6
-54.994988 26.038709 -55.785762 27.408369 -57.367310 27.408369 -58.158084 26.038709 -57.367310 24.669048 -55.785762 24.669048 
0 

8
-46.135750 10.410757 -46.607792 11.550366 -47.747402 12.022408 -48.887011 11.550366 -49.359053 10.410757 -48.887011 9.271147 -47.747402 8.799105 -46.607792 9.271147 
0 

6
-49.929939 0.822750 -50.823731 2.370843 -52.611315 2.370843 -53.505107 0.822750 -52.611315 -0.725344 -50.823731 -0.725344 
0 

6
-11.510620 28.291403 -12.348389 29.742462 -14.023928 29.742462 -14.861698 28.291403 -14.023928 26.840344 -12.348389 26.840344 
0 

